CHR BP SNP P
12 57233291 rs2229717 0.3738
12 57233742 rs117244382 0.3222
12 57233934 rs34095989 0.01791
12 57235825 rs116973701 0.7669
12 57236354 rs7488015 0.6055
12 57240435 rs11172127 0.4289
12 57240915 rs3923885 0.006486
12 57242205 rs73338169 0.1206
12 57243810 rs3204635 0.03295
12 57247024 rs117927148 0.8616
12 57248377 none 0.5509
12 57250984 rs10876968 0.05684
12 57252006 rs11172134 0.2053
12 57253591 rs11172135 0.408
12 57254861 rs78607331 0.2855
12 57255337 rs6421186 0.2804
12 57255641 rs6421187 0.2869
12 57256057 rs4075325 0.003355
12 57257114 rs74240697 0.1149
12 57257471 rs10783817 0.2848
12 57257837 rs12312567 0.9996
12 57259180 rs6581131 0.003132
12 57259799 rs7966846 0.241
12 57260391 rs12317897 0.5739
12 57260496 rs11831937 0.732
12 57261534 rs7488256 0.3455
12 57262185 rs117621047 0.6764
12 57262883 rs73338185 0.0811
12 57262922 rs11172139 0.01901
12 57263970 rs73120065 0.1571
12 57266594 rs77936166 0.3615
12 57268780 rs10783818 0.003135
12 57272829 rs73338190 0.2363
12 57277839 rs79245439 0.04379
12 57278495 rs200179603 0.8018
12 57278728 rs73338194 0.06765
12 57278747 rs111393283 0.6174
12 57279130 rs7135142 0.002699
12 57280463 rs77784795 0.8253
12 57281420 rs7397991 0.003297
12 57282395 rs7302906 0.01044
12 57282472 rs7133939 0.00272
12 57283005 rs56383506 0.0767
12 57284589 rs117081095 0.9904
12 57285247 rs12227309 0.008241
12 57285364 rs35007557 0.1619
12 57285631 rs56205943 0.4093
12 57286318 rs11172142 0.0122
12 57287339 rs7486863 0.01286
12 57287612 rs117955596 0.04908
12 57289173 rs61937595 0.05492
12 57289197 rs7488274 0.07378
12 57291160 rs12296766 0.003088
12 57291195 rs12310220 0.003251
12 57293885 rs76629790 0.4079
12 57294556 rs117992087 0.1747
12 57299277 rs4760126 0.004139
12 57300635 rs10747778 0.003347
12 57301266 rs6581133 0.2848
12 57302773 rs7977908 0.003299
12 57302894 rs11172147 0.3736
12 57304166 rs7298418 0.001993
12 57310326 rs11832661 0.00568
12 57311848 rs11172155 0.00806
12 57312070 rs11172156 0.01223
12 57313147 rs10083191 0.9996
12 57317546 rs112639655 0.07346
12 57319358 rs7975026 0.001976
12 57319441 rs73121803 0.6566
12 57319821 rs7975634 0.002045
12 57319875 rs7975347 0.002248
12 57320359 rs35032945 0.01216
12 57320676 rs6581136 0.003568
12 57321020 rs7484541 0.615
12 57321190 rs61937617 0.3116
12 57323808 rs77564298 0.9425
12 57329037 rs76195886 0.1331
12 57329393 rs12315459 0.9994
12 57331158 rs4760356 0.00323
12 57331414 rs4760355 0.4994
12 57334725 rs11172166 0.001751
12 57334825 rs7398058 0.002947
12 57337140 rs117796570 0.1893
12 57337511 rs117387969 0.7433
12 57339756 rs11172169 0.01207
12 57341262 rs11609805 0.5278
12 57342355 rs11172170 0.002531
12 57342432 rs11172171 0.6218
12 57342950 rs12828339 0.2218
12 57344308 rs117268394 0.4568
12 57344817 rs79395356 0.4673
12 57353131 rs117736130 0.9357
12 57353528 rs6581139 0.003286
12 57355004 rs118062665 0.4628
12 57356448 rs4760242 0.2272
12 57358394 rs4760308 0.002139
12 57363604 rs6581140 0.001717
12 57367994 rs4760236 0.003472
12 57368777 rs512223 0.003761
12 57369737 rs11172184 0.001714
12 57371140 rs530387 0.002887
12 57371474 rs112193976 0.07783
12 57372505 rs79654308 0.473
12 57372522 rs11172190 0.02101
12 57372607 rs117250607 0.7223
12 57375348 rs11172192 0.232
12 57376315 rs7971133 0.5388
12 57377370 rs4760278 0.6957
12 57377793 rs117661948 0.1198
12 57383929 rs77521820 0.7086
12 57383972 rs34453452 0.002342
12 57384438 rs73115999 0.2461
12 57385835 rs78105314 0.5341
12 57386038 rs4108243 0.03287
12 57391718 rs10876980 0.01519
12 57397393 rs491750 0.003602
12 57397842 rs575153 0.003954
12 57398219 none 0.2431
12 57398399 rs60636710 0.06491
12 57398797 rs11613352 0.5555
12 57399545 rs12322158 0.4056
12 57401172 rs77036707 0.6958
12 57407724 rs116863803 0.2967
12 57409689 rs11172203 0.001377
12 57410488 rs7958942 0.00277
12 57410510 rs17119640 0.9352
12 57413331 rs540730 0.9218
12 57413845 rs56152729 0.5475
12 57415051 rs6581144 0.999
12 57415166 rs7136699 0.3095
12 57415673 rs1106766 0.6649
12 57416169 rs73117622 0.9322
12 57416321 rs538548 0.005428
12 57416333 rs79987515 0.6337
12 57416471 rs537482 0.003784
12 57417631 rs2063778 0.0197
12 57420515 rs1709869 0.9997
12 57422139 rs1798710 0.003543
12 57426758 rs12316507 0.999
12 57427704 rs28504983 0.003944
12 57429409 rs567895 0.004369
12 57430382 rs487722 0.0005552
12 57431587 rs543410 0.002166
12 57432350 rs481196 0.001779
12 57433199 rs73119306 0.6104
12 57434819 rs116907217 0.8856
12 57435346 rs560048 0.001944
12 57437299 rs116941348 0.515
12 57437391 rs117289270 0.9425
12 57438201 rs533975 0.001846
12 57438655 rs1669300 0.3986
12 57440644 rs12579911 0.008017
12 57442006 rs12831733 0.1098
12 57442055 rs12367775 0.3857
12 57442182 rs2943693 0.0022
12 57442313 rs2928383 0.4021
12 57442315 rs2943692 0.00257
12 57443604 rs4760244 0.003804
12 57445390 rs61352607 0.6115
12 57449231 rs776037 0.003761
12 57450266 rs3741414 0.8492
12 57450747 none 0.1785
12 57451923 rs2280139 0.05347
12 57452153 rs11834319 0.002188
12 57452963 rs3934052 0.002687
12 57454154 rs76149603 0.2821
12 57454785 rs11172224 0.03718
12 57454856 rs3809114 0.1089
12 57454925 rs3809113 0.002339
12 57455985 rs507562 0.01908
12 57457399 rs473465 0.02015
12 57458110 rs75113351 0.04967
12 57459370 rs2242578 0.004495
12 57459552 rs55852335 0.1497
12 57459772 none 0.9988
12 57460302 rs117797196 0.5645
12 57460500 rs10783826 0.0003402
12 57460528 rs10783827 0.00175
12 57460879 rs73119345 0.05361
12 57460999 rs73119347 0.04288
12 57461127 none 0.9999
12 57462231 rs3825077 0.0214
12 57462884 rs10876986 0.02676
12 57462993 rs4760148 0.001828
12 57463150 rs3782126 6.004e-05
12 57463217 rs3782125 0.02393
12 57463571 rs10876987 0.0002294
12 57464631 rs3817475 0.01837
12 57464770 rs117426148 0.532
12 57465505 rs77109260 0.8567
12 57465648 rs2228225 0.02016
12 57465985 rs41292005 0.6559
12 57466149 rs2292657 0.02228
12 57466263 rs7973381 0.1578
12 57466510 rs182191937 0.3129
12 57467043 rs4760259 0.000144
12 57467189 rs11830874 0.1173
12 57467701 rs10783828 0.0001544
12 57467972 rs113684735 0.9991
12 57468002 rs61734545 0.03287
12 57468428 rs11172227 0.8538
12 57469134 rs74096025 0.1127
12 57469171 rs73119353 0.7787
12 57469293 rs113478565 0.9349
12 57469679 rs113261025 0.4008
12 57471538 rs2228224 0.0178
12 57472038 rs2228226 0.0001324
12 57472145 rs474058 0.9741
12 57472473 rs111434091 0.4263
12 57473145 rs35945970 0.1383
12 57473729 rs74511835 0.621
12 57473737 rs112991183 0.9237
12 57473943 rs532993 0.6386
12 57474102 rs61758883 0.1516
12 57474124 rs61754174 0.4803
12 57474331 rs113759971 0.09599
12 57474460 rs34133632 0.1749
12 57475664 rs2277318 0.0002014
12 57475799 rs2277315 0.0001074
12 57476372 rs11544238 0.005738
12 57476865 rs512490 0.4224
12 57477654 rs34160414 0.1232
12 57477772 rs3825080 0.4991
12 57477975 rs113313654 0.02186
12 57478452 none 0.9999
12 57478772 rs113845144 0.5273
12 57478937 rs542278 0.801
12 57479715 rs79948748 0.1901
12 57481110 rs148109859 0.1907
12 57481123 rs569251 0.7416
12 57481184 rs569092 0.9741
12 57481685 rs776340 0.4104
12 57482074 rs73121618 0.08687
12 57482816 rs183680688 0.4054
12 57483373 rs511752 0.8438
12 57483765 rs117573907 0.1587
12 57485801 rs71461327 0.1492
12 57486194 rs74875570 0.3602
12 57487952 rs76399088 0.8429
12 57488185 rs11540809 0.03448
12 57488311 rs508904 0.8266
12 57489009 rs113549256 0.5006
12 57490018 rs899653 0.9394
12 57491780 rs113957069 0.3553
12 57491931 rs61935703 0.4404
12 57492826 rs2672571 0.9162
12 57497292 none 0.802
12 57497400 rs17119735 0.1165
12 57497713 rs496245 0.2533
12 57498021 rs537161 0.7947
12 57499016 rs776038 0.846
12 57500549 rs149809605 0.3797
12 57502231 rs11172241 0.6507
12 57503113 rs112660326 0.326
12 57506558 rs1678537 0.8286
12 57509300 rs1709871 0.8874
12 57511829 rs2290297 0.9989
12 57512211 rs117762340 0.133
12 57512360 rs117914586 0.4992
12 57512499 rs2305390 0.9991
12 57515034 rs113808165 0.2885
12 57515501 rs2278846 0.9991
12 57515615 rs76477870 0.9425
12 57515731 rs12829556 0.0771
12 57517377 rs697221 0.9837
12 57517685 rs703835 0.9659
12 57518519 none 0.7487
12 57520527 rs28382837 0.6769
12 57520664 rs117126958 0.1501
12 57521043 rs183595307 0.7786
12 57521897 rs1148550 0.8606
12 57522024 rs3847699 0.9918
12 57523742 rs1148556 0.2981
12 57524047 rs112056661 0.4236
12 57524219 rs7965140 0.4929
12 57524302 rs61741508 0.6442
12 57524851 rs1148555 0.822
12 57525296 rs113936977 0.02188
12 57525324 rs1148554 0.9615
12 57526479 rs2127318 0.9361
12 57526585 rs34551572 0.4082
12 57527405 rs1284605 0.9108
12 57527951 rs150653337 0.1298
12 57528083 rs117084250 0.01222
12 57528580 rs2620679 0.9514
12 57528972 rs112146992 0.7234
12 57529447 none 0.09394
12 57530267 rs775324 0.9703
12 57530931 rs74470647 0.7407
12 57531902 rs111685414 0.5591
12 57532689 rs703837 0.9521
12 57533008 rs2292656 0.6307
12 57536527 rs79512872 0.04733
12 57537646 rs79147703 0.2594
12 57537891 rs113690638 0.7219
12 57538311 rs111828051 0.4737
12 57539290 rs111995174 0.08694
12 57539380 rs79376910 0.8445
12 57540341 rs75567496 0.9364
12 57540402 rs703840 0.6967
12 57541533 none 0.6906
12 57542544 rs775241 0.9748
12 57544269 none 0.3701
12 57544298 rs775238 0.8245
12 57544782 rs730560 0.001015
12 57545070 rs78067419 0.7402
12 57545459 none 0.5851
12 57545531 rs74396207 0.662
12 57546288 rs1669297 0.9894
12 57546293 rs1669296 0.9959
12 57547153 rs2280154 0.9999
12 57547244 none 0.9998
12 57548323 rs12824907 0.1263
12 57548500 rs11172246 0.9991
12 57548522 rs703841 0.3112
12 57549189 rs1148552 0.1782
12 57550409 none 0.6148
12 57552077 rs1148551 0.8154
12 57552694 rs6581146 0.2325
12 57552727 rs11172247 4.252e-05
12 57553572 rs77241748 0.03914
12 57554511 rs116844988 0.01098
12 57556156 rs75332639 0.1337
12 57556613 rs75568222 0.3792
12 57557257 rs78638304 0.7826
12 57558012 rs2599999 0.6806
12 57559160 rs71461328 0.4865
12 57559207 rs117022050 0.571
12 57559427 rs117327204 0.7322
12 57559559 rs77117373 0.5048
12 57560604 rs117428475 0.01346
12 57562692 rs113968819 0.5842
12 57563014 rs775321 0.6127
12 57564530 rs775322 2.449e-05
12 57566768 rs11172250 0.02272
12 57567067 rs117149568 0.3606
12 57567385 rs12426997 0.9651
12 57568349 rs80161048 0.3931
12 57569161 rs2620678 0.249
12 57569174 rs116892071 0.8473
12 57571946 rs113655154 0.8061
12 57572087 rs112982686 0.5753
12 57574932 rs1678542 2.225e-05
12 57574955 rs11172254 4.393e-05
12 57577174 rs775243 0.1346
12 57578065 rs113155897 0.6231
12 57578645 rs4760303 0.9651
12 57580173 rs41401546 0.6104
12 57580207 rs775244 0.123
12 57580887 rs775245 0.943
12 57581372 rs775246 0.6128
12 57581787 rs775247 0.997
12 57581917 rs113247976 0.6693
12 57582335 rs11172256 0.9331
12 57582385 rs809593 0.4742
12 57582864 rs2888334 1.372e-07
12 57583220 rs775249 0.41
12 57583257 rs775250 0.5422
12 57584611 none 0.7864
12 57584957 rs775251 1.582e-05
12 57585407 rs1678536 5.989e-07
12 57585470 rs112773369 0.6349
12 57585772 rs7313599 0.001144
12 57586166 rs8873 0.477
12 57586758 rs10747780 0.8721
12 57587906 rs183326953 0.3301
12 57588471 rs1545783 0.7959
12 57589011 rs7964896 0.7152
12 57590708 rs1630715 0.5931
12 57590721 rs1630692 0.2136
12 57591036 rs28365829 0.226
12 57591421 rs11537654 5.993e-06
12 57591646 rs7973639 0.1051
12 57592583 rs1078109 0.329
12 57594695 rs4760158 0.7957
12 57595260 rs1284185 0.1041
12 57596575 rs1284184 0.9299
12 57596734 rs75280852 0.6785
12 57599707 rs812315 0.9068
12 57600896 rs2277319 0.45
12 57601306 rs812873 0.8876
12 57605318 rs1806652 0.8983
12 57605763 rs775242 0.1216
12 57606433 rs755289 0.2844
12 57606595 rs703834 0.9544
12 57607887 rs188449944 0.6805
12 57608816 rs2306390 3.406e-06
12 57610505 rs117150132 0.124
12 57610780 rs7314872 0.4913
12 57611899 rs60586224 0.9044
12 57612054 rs116953253 0.9504
12 57613366 rs141337782 0.5493
12 57613577 none 0.7038
12 57613843 rs117258237 0.04283
12 57613895 rs7305391 0.7947
12 57614154 rs78827077 0.2577
12 57614231 rs4760307 0.9651
12 57614465 rs73346100 0.4684
12 57615150 rs2277321 0.9751
12 57615169 rs703833 0.606
12 57615419 rs2277322 0.006833
12 57615589 rs2277323 0.1652
12 57616380 rs1564374 6.724e-08
12 57616934 none 0.006799
12 57618074 rs903067 1.592e-07
12 57618224 rs111987467 0.7616
12 57618380 rs1552842 7.623e-08
12 57618450 rs11613457 0.01177
12 57618475 rs117076209 0.3717
12 57619186 rs4617628 0.9983
12 57619392 rs2277324 5.551e-07
12 57619467 rs4760309 0.9979
12 57620132 rs113984267 0.7611
12 57620613 rs111885292 0.7611
12 57621711 rs923828 8.274e-08
12 57621966 rs111464959 0.5839
12 57621992 none 0.8792
12 57622036 rs111521101 0.6968
12 57622122 rs112041209 0.6968
12 57622140 rs76312418 0.173
12 57622360 rs112435264 0.5082
12 57622456 rs113466353 0.7119
12 57622907 rs111988600 0.7205
12 57623054 rs117180202 0.8257
12 57623107 rs112603554 0.5904
12 57623317 rs17119801 0.4158
12 57623348 rs7294447 0.06303
12 57623557 rs113097466 0.6625
12 57623918 rs7314152 4.822e-06
12 57624077 rs113207856 0.374
12 57624489 rs112623033 0.7248
12 57624611 rs111352851 0.8077
12 57624885 rs111924104 0.3504
12 57625196 rs1871417 6.16e-06
12 57625523 rs113630203 0.6433
12 57625689 rs774895 0.2523
12 57625712 rs774894 0.03778
12 57625981 rs116948011 0.428
12 57626799 rs17454674 0.7931
12 57626971 rs200524912 0.9633
12 57627042 rs813516 0.0462
12 57627150 rs10083154 1.648e-06
12 57627308 rs12320537 0.04199
12 57628241 rs11616065 0.6842
12 57628291 rs12322482 0.03427
12 57628664 none 0.8202
12 57628835 rs147301375 0.9161
12 57629810 rs715931 0.05487
12 57629958 rs1382848 0.9021
12 57630198 rs715930 0.04108
12 57630406 rs191557438 0.01679
12 57630495 rs810205 0.3727
12 57630843 rs703832 4.991e-06
12 57631713 rs77985887 0.7837
12 57632218 rs2307095 1.621e-08
12 57632238 rs2258877 0.2281
12 57632376 rs774897 0.1802
12 57633003 rs774898 0.2155
12 57633298 rs774899 0.1894
12 57633524 rs2619468 0.1462
12 57636317 rs61935731 0.999
12 57637191 rs2619470 0.1421
12 57637249 rs2640607 0.1733
12 57637630 rs7966795 1.736e-09
12 57639081 rs117821236 0.4798
12 57639662 rs73121665 0.1387
12 57640409 rs1027315 2.674e-09
12 57643581 rs12304013 0.08047
12 57646121 rs11514192 4.482e-07
12 57659246 rs1689596 8.165e-07
12 57660293 rs1678530 0.0006131
12 57661998 rs7966948 0.4346
12 57662980 rs1689595 9.198e-07
12 57667733 rs112743107 0.9485
12 57668884 rs10876993 9.198e-07
12 57669692 rs2928053 1.03e-06
12 57670954 rs10876994 1.155e-07
12 57671665 rs2640629 1.379e-06
12 57673217 rs184986624 0.7902
12 57674081 rs76620984 0.9903
12 57674605 rs774890 1.39e-06
12 57675324 rs799575 0.0009151
12 57676062 rs17455386 0.002803
12 57676304 rs7295625 0.06714
12 57676845 rs77505508 0.3453
12 57677192 rs12369416 0.001626
12 57677732 rs12831104 0.8709
12 57680291 none 0.999
12 57681615 rs1689587 1.124e-06
12 57682154 rs7136269 0.000904
12 57682732 rs11172300 3.242e-08
12 57685803 rs1689586 1.518e-07
12 57686042 rs1479498 0.0564
12 57686357 rs1689585 2.852e-07
12 57687137 rs116947833 0.01313
12 57689294 rs10877001 8.529e-07
12 57692107 rs2619442 0.9991
12 57692137 none 0.8686
12 57692415 none 0.03311
12 57692557 rs7311632 1.222e-08
12 57692992 rs117359859 0.1859
12 57693089 rs34854770 0.7919
12 57693146 rs75927612 0.3056
12 57693398 rs113209851 0.7222
12 57693954 rs4760168 0.001858
12 57695460 rs7132646 0.9995
12 57695630 rs3825078 3.591e-06
12 57696451 rs59956283 3.305e-06
12 57696518 rs12426511 8.018e-06
12 57697256 rs17455486 0.9796
12 57697333 rs112764724 0.9744
12 57698042 rs138975273 0.584
12 57698233 rs79032157 0.01062
12 57698305 none 2.017e-06
12 57698673 rs187626221 0.9744
12 57698771 rs7979246 2.452e-06
12 57699365 rs79913618 0.02721
12 57700491 rs75231257 0.9959
12 57700714 rs73125460 0.04069
12 57702206 rs7952989 9.701e-09
12 57703967 rs75013973 0.03482
12 57704079 rs11172304 1.085e-05
12 57704963 rs11172305 0.8081
12 57705953 rs7295422 1.032e-08
12 57706528 rs7961806 0.003938
12 57706768 rs7976852 2.001e-06
12 57708956 rs78322225 0.753
12 57709264 rs117432567 0.009534
12 57709602 none 0.9991
12 57709809 rs10877008 1.937e-06
12 57710321 rs10082911 1.781e-06
12 57711101 rs79394718 0.041
12 57712851 rs111800129 0.753
12 57713053 rs701006 2.067e-09
12 57713275 rs111314722 0.7521
12 57713317 rs77765604 0.4621
12 57715596 rs117978598 0.004978
12 57715924 rs73125477 0.9045
12 57716315 rs79610264 0.7635
12 57718372 rs34764811 0.6279
12 57718406 rs799265 8.725e-09
12 57719342 rs799266 0.4044
12 57719375 rs799267 1.158e-08
12 57719633 rs701007 9.723e-09
12 57721488 rs1050045 1.153e-08
12 57722984 rs77065481 0.3357
12 57723186 rs11172310 0.7925
12 57723572 rs238516 5.84e-09
12 57723862 rs701008 1.354e-10
12 57723954 rs238517 1.291e-08
12 57724275 rs77903952 0.1223
12 57724465 rs2269720 1.453e-09
12 57725064 rs4760169 0.8051
12 57728775 rs113418945 0.9359
12 57728782 rs238522 0.7597
12 57729328 rs11172314 0.6392
12 57729593 rs41292013 0.09033
12 57730254 rs116898708 0.01748
12 57731020 rs238523 0.334
12 57731209 rs10877011 1.831e-11
12 57731655 rs12307841 0.7062
12 57732451 rs17852479 1.923e-08
12 57733429 rs3893002 0.7376
12 57733549 rs238524 0.7357
12 57733618 rs111830825 0.03781
12 57733693 rs238525 0.9347
12 57733983 rs238526 0.9503
12 57734184 rs12422249 0.9161
12 57734895 rs75933563 0.6149
12 57735792 rs113040833 0.5607
12 57735877 rs238527 0.7347
12 57736459 rs112843362 0.6554
12 57736719 rs2518686 0.9997
12 57738778 none 0.3429
12 57739473 rs12368653 1.306e-11
12 57739707 rs73338229 0.8266
12 57740205 rs118184030 0.102
12 57741000 none 0.964
12 57741020 rs238529 0.9347
12 57741637 rs12371356 9.642e-12
12 57741704 rs117771651 0.9778
12 57741832 rs142216977 0.964
12 57741876 rs238530 0.9585
12 57742935 rs147867860 0.7022
12 57744185 rs61935744 0.569
12 57745085 rs117347172 0.1981
12 57745907 rs2640601 0.999
12 57745946 rs111263678 0.9853
12 57745960 rs11172318 0.2745
12 57746452 rs111737335 0.1696
12 57747183 rs113848162 0.6428
12 57747705 rs3211637 0.9991
12 57749067 rs2069507 0.003379
12 57749071 rs2069506 3.292e-14
12 57749603 rs193231432 0.5779
12 57750200 rs115411964 0.03088
12 57750882 rs2069502 2.337e-14
12 57751138 rs3211614 0.8332
12 57752598 rs238532 0.9196
12 57752900 rs4986865 0.9887
12 57752936 rs2072052 2.202e-14
12 57752993 rs3211607 0.8338
12 57753318 rs3211605 0.06956
12 57753738 none 0.9991
12 57757877 none 0.3426
12 57759165 rs1048691 0.3782
12 57759276 rs3741423 3.69e-05
12 57759314 rs112078037 0.3121
12 57759645 rs11172325 0.9506
12 57761255 rs4646538 0.201
12 57761274 rs73338254 0.4067
12 57761439 rs8176353 0.7088
12 57763065 rs8176350 0.6047
12 57763164 rs201629800 0.05877
12 57763498 rs4646537 0.5455
12 57763929 rs112144903 0.963
12 57764205 rs4646536 8.109e-16
12 57764321 rs8176346 0.2345
12 57764775 rs8176345 0.01593
12 57765538 rs111629101 0.633
12 57765659 rs35569378 0.5889
12 57766358 rs117629275 0.08651
12 57766590 rs8176342 0.633
12 57767877 rs11172327 0.9522
12 57768302 rs10877012 1.757e-15
12 57768956 rs703842 2.089e-12
12 57769482 rs77194942 0.5273
12 57769522 rs200262817 2.371e-12
12 57770672 rs11829917 0.7245
12 57771302 rs10877013 3.556e-16
12 57771499 rs117095012 0.3764
12 57771500 rs180883428 0.3539
12 57771658 rs113489585 0.6051
12 57772807 rs34913183 0.9238
12 57773413 rs12423195 5.125e-16
12 57774005 rs10877015 7.889e-16
12 57774209 rs10877016 4.112e-16
12 57776119 rs4760323 0.6195
12 57776387 rs4760324 0.6661
12 57776552 rs11172333 9.598e-16
12 57777083 rs187775165 0.8464
12 57777640 rs148557538 0.5386
12 57778782 none 0.3411
12 57779146 rs10877019 8.103e-16
12 57779683 rs8181644 4.648e-16
12 57780523 rs923829 5.294e-15
12 57781418 rs11172335 6.699e-16
12 57781567 rs201735876 0.1835
12 57781612 rs74539975 0.03259
12 57782637 rs17565804 0.6881
12 57782831 rs10747783 5.633e-16
12 57782965 rs113076435 0.9597
12 57783014 rs11614185 0.000264
12 57783509 rs11172336 0.7246
12 57784365 rs10431552 3.974e-16
12 57784379 rs6581155 3.06e-16
12 57785358 rs12306667 0.9651
12 57785953 rs117379933 0.9745
12 57786144 rs112348190 0.6318
12 57786261 rs77670568 0.7068
12 57786633 rs724834 7.478e-16
12 57787498 rs183209163 0.6385
12 57788279 rs201202118 6.684e-13
12 57789341 rs142394086 0.3232
12 57789853 rs117839344 4.654e-05
12 57789984 rs11172338 0.9662
12 57793891 none 0.6569
12 57793975 rs11172342 4.972e-16
12 57794231 rs10877020 7.108e-11
12 57794361 rs7976556 0.9532
12 57794374 rs11172343 6.195e-16
12 57796793 rs112956536 0.07717
12 57798398 rs111935385 0.003551
12 57798551 rs117989560 0.6043
12 57799665 rs11172344 6.05e-11
12 57799768 rs112927452 0.6118
12 57801171 rs111647711 0.6661
12 57801255 rs112274200 0.6661
12 57801447 rs112885403 0.6661
12 57801990 rs3816896 8.738e-11
12 57802664 rs10783847 3.005e-16
12 57802745 rs10783848 5.281e-16
12 57802956 rs117324353 0.2161
12 57803019 rs1875124 1.013e-15
12 57804301 rs4760326 0.3068
12 57804422 none 0.02579
12 57804820 none 0.4302
12 57805352 none 0.4573
12 57806695 rs113034315 0.5846
12 57806935 none 0.9991
12 57807243 rs75919341 0.4093
12 57807815 rs111374849 0.9064
12 57807992 rs61938185 0.006206
12 57808307 rs76705486 0.03766
12 57808340 rs74724134 0.9394
12 57808636 rs2277326 1.752e-07
12 57809481 rs12582311 0.1889
12 57809508 rs73109213 0.05744
12 57809571 rs3825079 5.971e-16
12 57809594 rs2277325 0.02988
12 57810362 rs112269561 0.796
12 57810823 rs61938187 0.4525
12 57811648 rs112341552 0.586
12 57812719 rs200507204 4.862e-14
12 57812809 none 0.3668
12 57813049 rs187187472 0.6661
12 57813514 rs112670181 0.5852
12 57813775 rs117531215 0.4646
12 57814381 rs1021469 1.278e-14
12 57814814 rs79970417 0.3549
12 57816386 rs34929841 0.6731
12 57816551 rs74410236 0.1716
12 57817720 rs55933151 0.2799
12 57817866 rs11172348 0.7246
12 57818336 rs4760331 0.6657
12 57818591 none 0.7664
12 57818745 rs11172349 3.504e-16
12 57819198 rs112242591 0.8303
12 57819639 rs201005857 0.0264
12 57819641 none 0.585
12 57819702 rs11172351 3.799e-16
12 57819820 rs117047801 0.1587
12 57820196 rs113076520 0.6651
12 57821924 rs937540 0.9532
12 57823925 rs12822897 0.5908
12 57824144 rs78073833 0.6772
12 57824599 rs41292017 0.5377
12 57824847 rs78914828 0.01158
12 57825016 none 0.8487
12 57825390 rs870392 1.872e-12
12 57825507 rs191358766 0.01802
12 57825583 rs113514774 0.3374
12 57825601 rs145194107 0.9101
12 57825898 rs871871 2.713e-12
12 57827924 rs184932341 0.8663
12 57827971 rs112571993 0.3034
12 57828030 rs77359002 0.01326
12 57828889 rs4760332 7.838e-12
12 57829725 rs17119958 0.9506
12 57832121 rs4760171 1.866e-08
12 57832926 rs10877024 6.527e-12
12 57833458 rs1875125 1.051e-11
12 57834805 rs7489290 9.504e-12
12 57835594 rs10783850 1.08e-11
12 57835818 none 0.9971
12 57836109 rs80027536 0.5826
12 57836743 rs112295453 0.3253
12 57836761 rs112463655 0.8783
12 57836849 rs113226834 0.6807
12 57837372 rs10783851 8.446e-12
12 57837948 rs11172358 0.6072
12 57838113 rs112605704 0.9426
12 57839029 rs12304988 0.8696
12 57839156 rs12305031 0.002452
12 57840479 rs10783853 6.189e-09
12 57841034 rs75699640 0.009086
12 57841099 rs138164344 0.4585
12 57841147 rs12315962 0.9989
12 57841384 rs191901640 0.9005
12 57841815 rs4760334 0.7976
12 57841893 rs115816753 0.3417
12 57844404 rs4447215 0.6813
12 57844619 rs11832073 0.365
12 57847245 rs10877028 2.894e-08
12 57847770 none 0.02098
12 57848217 none 0.9426
12 57848762 rs1599750 3.876e-12
12 57849066 rs1599751 4.667e-12
12 57849315 rs118052422 0.4544
12 57849905 rs117133493 0.05381
12 57850307 rs117517553 0.4415
12 57850499 none 0.2913
12 57850847 rs10783854 3.522e-12
12 57850963 rs11172361 1.51e-09
12 57851437 rs4760336 0.9428
12 57852168 rs192163532 0.3118
12 57852427 rs118088744 0.511
12 57852573 rs10783855 9.415e-12
12 57852777 rs7974994 0.6909
12 57852968 rs2173633 0.7976
12 57854967 rs12100003 0.9993
12 57855134 rs73102465 0.08978
12 57857379 none 0.9169
12 57857947 rs181275059 0.8597
12 57860232 rs4760172 6.133e-11
12 57860306 rs78864054 0.6549
12 57860598 rs74772138 0.07153
12 57862227 rs10877029 7.429e-11
12 57862377 rs73102478 0.04926
12 57862931 rs10877030 1.141e-11
12 57863977 rs35816581 0.6429
12 57864321 rs111385380 0.6892
12 57864647 rs117135945 0.3405
12 57865067 rs1599931 4.399e-09
12 57865781 rs59401446 2.715e-09
12 57866818 rs10747786 2.543e-09
12 57866874 rs10747787 2.312e-09
12 57867480 rs113843729 0.2928
12 57868666 rs7312285 0.9982
12 57868740 rs7312623 2.303e-09
12 57870069 rs7134797 3.092e-09
12 57870211 rs111662389 0.4188
12 57870843 none 0.5804
12 57871065 rs55775066 0.0365
12 57871500 none 0.8369
12 57872050 rs7963671 0.1724
12 57874046 rs73102489 0.0775
12 57874204 rs4237844 2.767e-09
12 57874366 rs4760339 3.331e-09
12 57876280 rs9645819 1.719e-09
12 57878703 rs11172367 1.845e-09
12 57881393 rs4760340 1.635e-06
12 57886572 rs11833152 0.9996
12 57886809 rs11172369 2.177e-09
12 57887743 rs34060362 0.1795
12 57889602 rs2002275 3.331e-09
12 57889948 rs10877033 1.964e-08
12 57890772 rs17119978 0.2406
12 57892405 rs11172371 7.181e-09
12 57892490 rs11172372 1.383e-06
12 57892661 rs10877034 1.017e-06
12 57893419 rs17119981 0.5628
12 57893471 rs11834260 0.7461
12 57893847 rs7971877 1.887e-05
12 57894580 rs4128707 7.762e-08
12 57895010 rs6581157 8.522e-09
12 57895289 rs6650217 9.831e-08
12 57895317 rs6650219 6.017e-08
12 57895498 rs35985500 0.6778
12 57895913 rs17119991 0.6782
12 57896102 rs12296922 0.7164
12 57896443 rs3751330 8.482e-07
12 57897625 rs117262501 0.4913
12 57898125 rs74547570 0.7336
12 57898136 rs61935768 0.9691
12 57898220 rs112149933 0.7063
12 57898924 rs1962047 1.609e-08
12 57899028 rs12322495 0.8742
12 57899215 rs34241380 0.752
12 57899378 rs12322586 0.8227
12 57899881 rs12309291 0.8134
12 57900561 rs61935769 2.616e-08
12 57901517 rs118069253 6.454e-08
12 57901881 none 0.6316
12 57902166 rs7963992 2.115e-07
12 57902715 rs11172377 0.7299
12 57904348 rs113734664 0.4115
12 57904378 rs11172378 1.512e-08
12 57904446 rs75209574 0.4891
12 57905254 rs7954591 6.129e-08
12 57905467 rs7954957 8.612e-08
12 57905770 rs35441007 0.7221
12 57906463 rs186941559 0.8981
12 57907279 rs7977734 0.1173
12 57907317 rs7962775 0.4748
12 57907428 rs4553410 1.224e-07
12 57908513 rs142999642 0.3457
12 57908515 rs117355496 0.5079
12 57908653 rs4237845 1.292e-07
12 57908995 rs35414690 0.4189
12 57909587 rs142221630 0.8238
12 57909704 rs34633617 0.6577
12 57909752 rs7137226 0.5058
12 57911000 rs7978588 4.959e-06
12 57911130 rs7978519 0.06427
12 57913866 rs11172379 0.7757
12 57914600 rs9971722 3.122e-06
12 57915503 rs34300531 0.06207
12 57916444 rs75574095 0.2609
12 57916833 rs34170251 0.05794
12 57917455 rs73104434 0.5623
12 57917741 rs10431506 1.991e-08
12 57918051 rs4628719 0.6216
12 57919361 rs10783857 0.008584
12 57920182 rs61015952 0.08205
12 57920635 rs34221389 0.07276
12 57922613 rs71461338 0.3856
12 57923346 rs10467131 0.9998
12 57924414 rs116934812 0.2033
12 57925114 rs7298370 3.021e-06
12 57926269 rs7954747 0.9991
12 57926316 rs7968082 0.8261
12 57926317 rs7968265 0.06346
12 57926461 rs11831537 0.6419
12 57926653 rs4760174 2.918e-06
12 57927735 rs10877035 5.962e-09
12 57927867 rs10877036 9.293e-06
12 57928821 rs34437870 0.08427
12 57929353 rs55670240 0.4422
12 57930019 rs113580822 0.05585
12 57930093 rs6581159 8.039e-06
12 57931004 rs35726562 0.1032
12 57931059 rs185716804 0.7848
12 57932665 rs10877040 2.904e-08
12 57932786 rs79006528 0.7468
12 57932816 rs17120198 0.08529
12 57933677 rs76588801 0.2999
12 57933714 rs113171756 0.09175
12 57934717 rs10877041 2.566e-08
12 57935280 none 0.08837
12 57936152 rs2888288 4.17e-06
12 57936270 rs3829337 0.08262
12 57936758 rs4272820 1.327e-05
12 57939634 rs6581161 4.283e-06
12 57940086 rs2888286 0.08095
12 57940527 rs116943205 0.09522
12 57940960 rs4760346 8.576e-06
12 57941347 rs4590915 3.354e-08
12 57941359 rs4509811 6.185e-06
12 57941547 rs3751326 4.91e-07
12 57941843 rs3751325 2.986e-08
12 57942283 rs7133278 9.257e-06
12 57942320 rs7133275 0.09988
12 57943019 none 0.4152
12 57943349 rs11172388 3.902e-08
12 57943888 rs11172389 7.022e-08
12 57944608 rs35326083 0.1024
12 57944773 rs34238095 0.0939
12 57945827 rs12822306 0.1402
12 57946199 rs192818532 0.2992
12 57946360 rs74937823 0.1031
12 57946751 rs56964775 0.1039
12 57946881 rs77313810 0.6516
12 57946930 rs143021721 0.3991
12 57947355 rs7303136 0.1027
12 57947542 rs7132343 0.1114
12 57947939 rs7136078 0.09311
12 57948167 rs181149429 0.5109
12 57948894 rs7136981 5.651e-06
12 57948992 rs7295307 0.1
12 57949312 none 0.5222
12 57949927 rs7299249 1.569e-05
12 57949985 rs7299512 0.07774
12 57950260 rs7299911 0.595
12 57950345 rs193215142 0.6452
12 57950421 rs12829858 0.098
12 57951074 rs17120038 0.1015
12 57951211 rs17120201 0.0793
12 57951561 rs17568156 0.812
12 57951823 rs17120203 0.1017
12 57952465 rs111276784 0.1476
12 57953085 rs4760347 1.695e-05
12 57953361 rs17120048 0.06765
12 57953379 rs117564332 0.8165
12 57953562 rs17490182 0.2641
12 57953765 rs12297812 0.9999
12 57953793 rs7135674 0.9993
12 57953925 rs12319761 0.9998
12 57954247 rs11172394 0.9992
12 57954597 rs6581162 0.09982
12 57954642 rs6581163 0.0979
12 57955162 none 0.9996
12 57955474 rs17120056 0.8709
12 57955734 rs17120057 0.09376
12 57955813 rs17120058 0.1467
12 57955865 rs34567504 0.1113
12 57956776 rs117810504 0.7179
12 57956835 rs117230607 0.4128
12 57956848 rs10122 1.667e-05
12 57964158 rs10783861 0.001372
12 57964159 rs10783862 0.001169
12 57964467 rs12312532 0.358
12 57964630 rs7959475 0.001108
12 57964820 rs7974695 0.16
12 57964915 rs11172398 0.6378
12 57964921 rs7977671 6.714e-05
12 57965033 rs74968967 0.5024
12 57965215 rs6581164 4.826e-05
12 57966717 rs7954291 5.716e-05
12 57967378 rs10877043 0.0001082
12 57968376 rs12320068 1
12 57968476 rs10877044 0.0001123
12 57969461 rs4362183 0.0001103
12 57969657 rs12829865 0.9408
12 57970080 rs4760177 5.629e-05
12 57972689 rs4606520 0.002218
12 57972823 rs11172406 5.564e-05
12 57973006 rs77389325 0.6009
12 57974745 rs78447026 0.379
12 57974963 rs11608333 4.928e-05
12 57975220 rs7132521 7.252e-05
12 57975272 rs6581166 0.7698
12 57975642 rs6581167 0.1588
12 57975786 rs12811129 0.5596
12 57976150 rs12366757 7.062e-05
12 57976340 rs12366794 6.124e-05
12 57977281 rs11172410 6.315e-05
12 57977794 rs4760178 0.001056
12 57981121 rs12827878 0.00602
12 57981163 rs17120086 0.5275
12 57981479 rs17120090 0.2637
12 57981774 rs10083177 1
12 57981806 rs10877047 7.296e-05
12 57982447 rs116948952 0.6905
12 57983002 rs76205642 0.4982
12 57983190 rs11172414 0.9992
12 57983284 rs7964378 0.4166
12 57983599 rs17120098 0.44
12 57985012 rs2372379 0.00497
12 57985441 rs2372378 6.47e-05
12 57987189 rs17120110 0.5172
12 57987352 rs4016144 0.2634
12 57987354 rs17568977 0.1528
12 57987683 rs3858557 0.003174
12 57987711 rs17120122 0.1512
12 57987763 rs17569054 0.5183
12 57988314 rs3933982 5.428e-05
12 57988524 rs12311155 0.9999
12 57988758 rs2659661 0.2541
12 57989112 rs971340 0.3091
12 57989544 rs75563511 0.9376
12 57989624 rs118091576 0.3914
12 57989772 rs7960690 3.611e-05
12 57989797 rs7960942 4.217e-05
12 57990633 rs12828647 2.835e-05
12 57991312 rs77952665 0.4783
12 57992168 rs74468458 0.4683
12 57992342 rs1395513 0.25
12 57992929 rs17491039 0.7164
12 57992939 rs10506393 2.495e-05
12 57992999 rs76788855 0.06538
12 57993043 rs17120134 6.766e-05
12 57993172 rs11172416 0.8639
12 57993204 rs7484670 2.398e-05
12 57993617 rs4760181 0.002543
12 57993877 rs1124448 0.4542
12 57994130 rs118079621 0.9603
12 57994449 rs1605333 3.265e-05
12 57999150 rs4495927 4.652e-05
12 57999163 rs2888299 6.663e-05
12 58001108 rs76998441 0.4546
12 58001222 rs117596451 0.411
12 58002890 rs7963367 2.923e-05
12 58002937 rs78534313 0.4615
12 58003190 rs1506888 7.135e-05
12 58004075 rs11172422 3.404e-05
12 58004481 rs77434191 0.487
12 58004582 rs951901 3.95e-05
12 58004892 rs117229639 0.4885
12 58004910 rs7978423 0.0001276
12 58005367 rs117896970 0.4353
12 58005372 rs6581170 4.625e-05
12 58005747 rs2720190 0.9997
12 58005793 rs17569631 0.4096
12 58005874 rs2720189 0.8042
12 58006293 rs12368533 0.9083
12 58006374 rs34040492 0.2531
12 58006756 rs78751315 0.4293
12 58007064 rs12422985 4.567e-05
12 58007581 rs10877052 4.298e-05
12 58007699 rs4760182 4.735e-05
12 58008682 rs2221541 4.183e-05
12 58008696 rs17491714 0.2403
12 58008780 none 0.9996
12 58008782 rs200118819 9.916e-05
12 58009025 rs17491749 0.4126
12 58009081 rs7304458 5.692e-05
12 58009129 rs7135063 3.957e-05
12 58009357 rs7135328 0.0001388
12 58009379 rs7304628 0.000129
12 58009467 rs7304755 0.0001099
12 58009656 rs7135728 0.0001546
12 58009863 rs17120179 0.0001444
12 58009961 rs17120182 0.0001188
12 58010063 rs12820787 0.0001397
12 58010224 rs1911259 0.0001511
12 58010715 rs79273718 0.1253
12 58010843 rs34504532 0.0001985
12 58010902 rs35195629 0.0002271
12 58011221 rs2720188 0.3
12 58012046 rs10747790 0.0001721
12 58012258 rs17491966 0.3815
12 58013068 rs117028981 0.3702
12 58013150 rs12301402 0.9997
12 58013326 rs871907 0.0001778
12 58013416 rs871908 7.219e-05
12 58013744 rs10877054 0.8858
12 58013886 rs79918060 0.5353
12 58014431 rs76354022 0.4303
12 58015315 rs10783865 6.492e-05
12 58015960 rs10877055 0.0001993
12 58016462 rs17576604 0.4398
12 58016482 rs76438165 0.4172
12 58016902 rs17492213 0.4246
12 58016973 rs1911260 0.0001915
12 58017027 rs17492255 0.9224
12 58017133 rs1911261 0.0001819
12 58024006 rs10506392 0.2309
12 58024463 rs1354795 0.0001992
12 58024716 rs1605334 0.000168
12 58024755 rs1605335 0.0001797
12 58025649 rs11172426 0.9328
12 58025997 rs1506890 0.0001322
12 58027125 rs7970516 0.0001946
12 58027270 rs11172427 0.0001599
12 58027349 rs970249 7.308e-05
12 58027946 rs12422977 0.324
12 58028096 rs7309912 0.0001661
12 58028328 rs79278545 0.6202
12 58028583 rs66832796 0.001093
12 58028859 rs12368865 0.03489
12 58029420 rs4435045 0.0002232
12 58029777 rs12580381 0.0001872
12 58030089 rs2659665 0.0001434
12 58030416 rs7954914 0.000217
12 58030839 rs1395514 0.0002012
12 58031105 rs117841534 0.828
12 58034649 rs118179155 0.3676
12 58034737 rs77087440 0.4708
12 58034980 rs11172429 0.4912
12 58035077 rs73112406 0.01994
12 58036690 rs1588056 0.0002527
12 58040076 rs11834786 0.000192
12 58041858 rs1857941 0.0001639
12 58043205 rs4760186 8.352e-05
12 58043298 rs4760187 0.0002118
12 58043592 rs77374104 0.9107
12 58043658 none 0.9375
12 58043710 rs10783867 0.0002217
12 58043824 rs10783868 0.0002153
12 58044086 rs7954592 0.0001961
12 58045032 rs1506883 0.00018
12 58045061 rs73112422 0.27
12 58045170 rs1506884 0.001238
12 58045245 rs4403838 7.075e-05
12 58045246 rs4439558 7.055e-05
12 58045313 rs4444117 0.0001568
12 58045336 rs4465402 0.0001846
12 58045443 rs2659639 0.000136
12 58045591 rs4575322 0.0001652
12 58045717 rs1354794 0.0001499
12 58045786 rs4760362 0.0001975
12 58046708 rs1506886 0.7563
12 58046931 rs7980024 0.0001778
12 58046993 rs7979813 0.0001833
12 58047077 rs7966544 0.0001717
12 58047141 rs12369381 0.000185
12 58048048 rs11172433 6.447e-05
12 58064102 rs117509433 0.9451
12 58064249 rs11172453 6.802e-05
12 58064840 rs10783873 0.0001151
12 58065283 rs982492 0.00016
12 58065561 rs982493 0.0001189
12 58065625 rs12824706 5.749e-05
12 58066088 rs2659646 0.009363
12 58066166 rs34885501 6.289e-05
12 58066522 rs116848351 0.4237
12 58067126 rs4760364 5.194e-05
12 58067526 rs4760365 6.683e-05
12 58067914 rs1580976 4.098e-05
12 58067919 rs55747716 0.9409
12 58067981 rs1580977 0.0001318
12 58068059 rs78107123 0.4005
12 58068787 rs74378073 0.9582
12 58069820 rs117174206 0.4283
12 58069917 rs4760366 6.145e-05
12 58070131 rs60442832 0.0001637
12 58070361 rs10877065 6.444e-05
12 58070623 rs11172456 6.765e-05
12 58070710 rs184932034 0.2828
12 58070788 rs79317679 0.8428
12 58070880 rs10877066 6.181e-05
12 58070968 rs2720178 0.0001071
12 58070989 rs2720177 0.4118
12 58071098 rs10877067 6.467e-05
12 58071188 rs2720176 0.0001484
12 58071422 rs2659648 1
12 58072834 rs11172457 0.001417
12 58073599 rs7959717 6.999e-05
12 58074213 rs61936185 0.1944
12 58074339 rs2720175 0.4276
12 58074380 rs2720174 0.411
12 58074548 rs2720173 0.000141
12 58076479 rs2720172 0.9997
12 58076673 rs4505105 0.3949
12 58076841 rs75715294 0.423
12 58077263 rs79132738 0.4152
12 58077674 rs2659663 0.4156
12 58077690 rs2720171 0.08131
12 58077764 rs78548876 0.4006
12 58078178 rs73339741 0.4551
12 58078310 rs12828184 0.4912
12 58078353 rs74832407 0.4036
12 58078452 rs2659664 0.6915
12 58078580 rs1027800 9.52e-05
12 58078939 rs57704355 0.3497
12 58079006 rs76957904 0.4031
12 58079082 rs2659638 1
12 58079458 rs2720170 0.8698
12 58079568 rs1395511 0.0001667
12 58079853 rs1567130 0.0001604
12 58080927 rs2659637 0.4656
12 58080982 rs2720169 0.414
12 58080990 rs2720168 0.9991
12 58081080 rs7976016 0.0007055
12 58081282 rs2659636 0.4141
12 58081689 rs2720166 0.4154
12 58081926 rs117868683 0.07383
12 58082282 rs1032946 0.0008271
12 58082379 rs80124794 0.3525
12 58082678 rs2720165 0.4006
12 58082706 rs2659635 0.1424
12 58083027 rs10877068 0.008897
12 58083122 rs10877069 0.0007286
12 58083333 rs2659634 0.9991
12 58084815 rs4354731 0.0008627
12 58084905 rs2257321 0.002493
12 58085369 rs2659633 0.3924
12 58085697 rs2720185 0.4285
12 58085897 rs2659632 0.4136
12 58086802 rs7975711 0.0007099
12 58086899 rs2720183 0.4532
12 58086924 rs7978954 0.1308
12 58087337 rs2659671 0.4715
12 58087539 rs28532188 0.4517
12 58087873 rs2720180 0.9997
12 58087988 rs2733452 0.4725
12 58088114 rs11172461 0.5416
12 58088376 rs17120278 0.1199
12 58088903 rs2036451 0.0009032
12 58089019 rs2036448 0.4517
12 58089327 rs1001353 0.6867
12 58089623 rs2659669 0.9991
12 58089673 rs999983 0.1517
12 58089918 rs265566 0.9991
12 58090264 rs265565 0.409
12 58090302 rs17120288 0.4993
12 58090513 rs265564 0.4152
12 58091580 rs265563 0.9991
12 58091687 rs12316479 0.5767
12 58091984 rs11172462 0.8235
12 58092238 rs265562 0.4008
12 58093272 rs265560 0.0009383
12 58093635 rs78062535 0.4022
