CHR BP SNP P
12 57627074 rs2229717 0.37380000000000002
12 57627525 rs117244382 0.32219999999999999
12 57627717 rs34095989 1.7909999999999999E-2
12 57629608 rs116973701 0.76690000000000003
12 57630137 rs7488015 0.60550000000000004
12 57634218 rs11172127 0.4289
12 57634698 rs3923885 6.4859999999999996E-3
12 57635988 rs73338169 0.1206
12 57637593 rs3204635 3.295E-2
12 57640807 rs117927148 0.86160000000000003
12 57642160 none 0.55089999999999995
12 57644767 rs10876968 5.6840000000000002E-2
12 57645789 rs11172134 0.20530000000000001
12 57647374 rs11172135 0.40799999999999997
12 57648644 rs78607331 0.28549999999999998
12 57649120 rs6421186 0.28039999999999998
12 57649424 rs6421187 0.28689999999999999
12 57649840 rs4075325 3.3549999999999999E-3
12 57650897 rs74240697 0.1149
12 57651254 rs10783817 0.2848
12 57651620 rs12312567 0.99960000000000004
12 57652963 rs6581131 3.1319999999999998E-3
12 57653582 rs7966846 0.24099999999999999
12 57654174 rs12317897 0.57389999999999997
12 57654279 rs11831937 0.73199999999999998
12 57655317 rs7488256 0.34549999999999997
12 57655968 rs117621047 0.6764
12 57656666 rs73338185 8.1100000000000005E-2
12 57656705 rs11172139 1.9009999999999999E-2
12 57657753 rs73120065 0.15709999999999999
12 57660377 rs77936166 0.36149999999999999
12 57662563 rs10783818 3.1350000000000002E-3
12 57666612 rs73338190 0.23630000000000001
12 57671622 rs79245439 4.3790000000000003E-2
12 57672278 rs200179603 0.80179999999999996
12 57672511 rs73338194 6.7650000000000002E-2
12 57672530 rs111393283 0.61739999999999995
12 57672913 rs7135142 2.699E-3
12 57674246 rs77784795 0.82530000000000003
12 57675203 rs7397991 3.297E-3
12 57676178 rs7302906 1.044E-2
12 57676255 rs7133939 2.7200000000000002E-3
12 57676788 rs56383506 7.6700000000000004E-2
12 57678372 rs117081095 0.99039999999999995
12 57679030 rs12227309 8.2410000000000001E-3
12 57679147 rs35007557 0.16189999999999999
12 57679414 rs56205943 0.4093
12 57680101 rs11172142 1.2200000000000001E-2
12 57681122 rs7486863 1.286E-2
12 57681395 rs117955596 4.9079999999999999E-2
12 57682956 rs61937595 5.4919999999999997E-2
12 57682980 rs7488274 7.3779999999999998E-2
12 57684943 rs12296766 3.088E-3
12 57684978 rs12310220 3.251E-3
12 57687668 rs76629790 0.40789999999999998
12 57688339 rs117992087 0.17469999999999999
12 57693060 rs4760126 4.1390000000000003E-3
12 57694418 rs10747778 3.3470000000000001E-3
12 57695049 rs6581133 0.2848
12 57696556 rs7977908 3.2989999999999998E-3
12 57696677 rs11172147 0.37359999999999999
12 57697949 rs7298418 1.993E-3
12 57704109 rs11832661 5.6800000000000002E-3
12 57705631 rs11172155 8.0599999999999995E-3
12 57705853 rs11172156 1.223E-2
12 57706930 rs10083191 0.99960000000000004
12 57711329 rs112639655 7.3459999999999998E-2
12 57713141 rs7975026 1.9759999999999999E-3
12 57713224 rs73121803 0.65659999999999996
12 57713604 rs7975634 2.0449999999999999E-3
12 57713658 rs7975347 2.248E-3
12 57714142 rs35032945 1.2160000000000001E-2
12 57714459 rs6581136 3.568E-3
12 57714803 rs7484541 0.61499999999999999
12 57714973 rs61937617 0.31159999999999999
12 57717591 rs77564298 0.9425
12 57722820 rs76195886 0.1331
12 57723176 rs12315459 0.99939999999999996
12 57724941 rs4760356 3.2299999999999998E-3
12 57725197 rs4760355 0.49940000000000001
12 57728508 rs11172166 1.751E-3
12 57728608 rs7398058 2.947E-3
12 57730923 rs117796570 0.1893
12 57731294 rs117387969 0.74329999999999996
12 57733539 rs11172169 1.2070000000000001E-2
12 57735045 rs11609805 0.52780000000000005
12 57736138 rs11172170 2.5309999999999998E-3
12 57736215 rs11172171 0.62180000000000002
12 57736733 rs12828339 0.2218
12 57738091 rs117268394 0.45679999999999998
12 57738600 rs79395356 0.46729999999999999
12 57746914 rs117736130 0.93569999999999998
12 57747311 rs6581139 3.2859999999999999E-3
12 57748787 rs118062665 0.46279999999999999
12 57750231 rs4760242 0.22720000000000001
12 57752177 rs4760308 2.1389999999999998E-3
12 57757387 rs6581140 1.717E-3
12 57761777 rs4760236 3.4719999999999998E-3
12 57762560 rs512223 3.761E-3
12 57763520 rs11172184 1.714E-3
12 57764923 rs530387 2.8869999999999998E-3
12 57765257 rs112193976 7.7829999999999996E-2
12 57766288 rs79654308 0.47299999999999998
12 57766305 rs11172190 2.1010000000000001E-2
12 57766390 rs117250607 0.72230000000000005
12 57769131 rs11172192 0.23200000000000001
12 57770098 rs7971133 0.53879999999999995
12 57771153 rs4760278 0.69569999999999999
12 57771576 rs117661948 0.1198
12 57777712 rs77521820 0.70860000000000001
12 57777755 rs34453452 2.3419999999999999E-3
12 57778221 rs73115999 0.24610000000000001
12 57779618 rs78105314 0.53410000000000002
12 57779821 rs4108243 3.2870000000000003E-2
12 57785501 rs10876980 1.519E-2
12 57791176 rs491750 3.6020000000000002E-3
12 57791625 rs575153 3.954E-3
12 57792002 none 0.24310000000000001
12 57792182 rs60636710 6.4909999999999995E-2
12 57792580 rs11613352 0.55549999999999999
12 57793328 rs12322158 0.40560000000000002
12 57794955 rs77036707 0.69579999999999997
12 57801507 rs116863803 0.29670000000000002
12 57803472 rs11172203 1.377E-3
12 57804271 rs7958942 2.7699999999999999E-3
12 57804293 rs17119640 0.93520000000000003
12 57807114 rs540730 0.92179999999999995
12 57807628 rs56152729 0.54749999999999999
12 57808834 rs6581144 0.999
12 57808949 rs7136699 0.3095
12 57809456 rs1106766 0.66490000000000005
12 57809952 rs73117622 0.93220000000000003
12 57810104 rs538548 5.4279999999999997E-3
12 57810116 rs79987515 0.63370000000000004
12 57810254 rs537482 3.784E-3
12 57811414 rs2063778 1.9699999999999999E-2
12 57814298 rs1709869 0.99970000000000003
12 57815922 rs1798710 3.5430000000000001E-3
12 57820541 rs12316507 0.999
12 57821487 rs28504983 3.9439999999999996E-3
12 57823192 rs567895 4.3689999999999996E-3
12 57824165 rs487722 5.5520000000000005E-4
12 57825370 rs543410 2.166E-3
12 57826133 rs481196 1.779E-3
12 57826982 rs73119306 0.61040000000000005
12 57828602 rs116907217 0.88560000000000005
12 57829129 rs560048 1.944E-3
12 57831082 rs116941348 0.51500000000000001
12 57831174 rs117289270 0.9425
12 57831984 rs533975 1.846E-3
12 57832438 rs1669300 0.39860000000000001
12 57834427 rs12579911 8.0169999999999998E-3
12 57835789 rs12831733 0.10979999999999999
12 57835838 rs12367775 0.38569999999999999
12 57835965 rs2943693 2.2000000000000001E-3
12 57836096 rs2928383 0.40210000000000001
12 57836098 rs2943692 2.5699999999999998E-3
12 57837387 rs4760244 3.8040000000000001E-3
12 57839173 rs61352607 0.61150000000000004
12 57843014 rs776037 3.761E-3
12 57844049 rs3741414 0.84919999999999995
12 57844530 none 0.17849999999999999
12 57845706 rs2280139 5.3469999999999997E-2
12 57845936 rs11834319 2.1879999999999998E-3
12 57846746 rs3934052 2.6870000000000002E-3
12 57847937 rs76149603 0.28210000000000002
12 57848568 rs11172224 3.7179999999999998E-2
12 57848639 rs3809114 0.1089
12 57848708 rs3809113 2.3389999999999999E-3
12 57849768 rs507562 1.908E-2
12 57851182 rs473465 2.0150000000000001E-2
12 57851893 rs75113351 4.9669999999999999E-2
12 57853153 rs2242578 4.4949999999999999E-3
12 57853335 rs55852335 0.1497
12 57853555 none 0.99880000000000002
12 57854085 rs117797196 0.5645
12 57854283 rs10783826 3.4019999999999998E-4
12 57854311 rs10783827 1.75E-3
12 57854662 rs73119345 5.3609999999999998E-2
12 57854782 rs73119347 4.2880000000000001E-2
12 57854910 none 0.99990000000000001
12 57856014 rs3825077 2.1399999999999999E-2
12 57856667 rs10876986 2.6759999999999999E-2
12 57856776 rs4760148 1.828E-3
12 57856933 rs3782126 6.0040000000000001E-5
12 57857000 rs3782125 2.393E-2
12 57857354 rs10876987 2.2939999999999999E-4
12 57858414 rs3817475 1.8370000000000001E-2
12 57858553 rs117426148 0.53200000000000003
12 57859288 rs77109260 0.85670000000000002
12 57859431 rs2228225 2.0160000000000001E-2
12 57859768 rs41292005 0.65590000000000004
12 57859932 rs2292657 2.2280000000000001E-2
12 57860046 rs7973381 0.1578
12 57860293 rs182191937 0.31290000000000001
12 57860826 rs4760259 1.44E-4
12 57860972 rs11830874 0.1173
12 57861484 rs10783828 1.5440000000000001E-4
12 57861755 rs113684735 0.99909999999999999
12 57861785 rs61734545 3.2870000000000003E-2
12 57862211 rs11172227 0.8538
12 57862917 rs74096025 0.11269999999999999
12 57862954 rs73119353 0.77869999999999995
12 57863076 rs113478565 0.93489999999999995
12 57863462 rs113261025 0.40079999999999999
12 57865321 rs2228224 1.78E-2
12 57865821 rs2228226 1.3239999999999999E-4
12 57865928 rs474058 0.97409999999999997
12 57866256 rs111434091 0.42630000000000001
12 57866928 rs35945970 0.13830000000000001
12 57867512 rs74511835 0.621
12 57867520 rs112991183 0.92369999999999997
12 57867726 rs532993 0.63859999999999995
12 57867885 rs61758883 0.15160000000000001
12 57867907 rs61754174 0.4803
12 57868114 rs113759971 9.5990000000000006E-2
12 57868243 rs34133632 0.1749
12 57869447 rs2277318 2.0139999999999999E-4
12 57869582 rs2277315 1.0739999999999999E-4
12 57870155 rs11544238 5.738E-3
12 57870648 rs512490 0.4224
12 57871437 rs34160414 0.1232
12 57871555 rs3825080 0.49909999999999999
12 57871758 rs113313654 2.1860000000000001E-2
12 57872235 none 0.99990000000000001
12 57872555 rs113845144 0.52729999999999999
12 57872720 rs542278 0.80100000000000005
12 57873498 rs79948748 0.19009999999999999
12 57874893 rs148109859 0.19070000000000001
12 57874906 rs569251 0.74160000000000004
12 57874967 rs569092 0.97409999999999997
12 57875468 rs776340 0.41039999999999999
12 57875857 rs73121618 8.6870000000000003E-2
12 57876599 rs183680688 0.40539999999999998
12 57877156 rs511752 0.84379999999999999
12 57877548 rs117573907 0.15870000000000001
12 57879584 rs71461327 0.1492
12 57879977 rs74875570 0.36020000000000002
12 57881735 rs76399088 0.84289999999999998
12 57881968 rs11540809 3.4479999999999997E-2
12 57882094 rs508904 0.8266
12 57882792 rs113549256 0.50060000000000004
12 57883801 rs899653 0.93940000000000001
12 57885563 rs113957069 0.3553
12 57885714 rs61935703 0.44040000000000001
12 57886609 rs2672571 0.91620000000000001
12 57891075 none 0.80200000000000005
12 57891183 rs17119735 0.11650000000000001
12 57891496 rs496245 0.25330000000000003
12 57891804 rs537161 0.79469999999999996
12 57892799 rs776038 0.84599999999999997
12 57894332 rs149809605 0.37969999999999998
12 57896014 rs11172241 0.65069999999999995
12 57896896 rs112660326 0.32600000000000001
12 57900341 rs1678537 0.8286
12 57903083 rs1709871 0.88739999999999997
12 57905612 rs2290297 0.99890000000000001
12 57905994 rs117762340 0.13300000000000001
12 57906143 rs117914586 0.49919999999999998
12 57906282 rs2305390 0.99909999999999999
12 57908817 rs113808165 0.28849999999999998
12 57909284 rs2278846 0.99909999999999999
12 57909398 rs76477870 0.9425
12 57909514 rs12829556 7.7100000000000002E-2
12 57911160 rs697221 0.98370000000000002
12 57911468 rs703835 0.96589999999999998
12 57912302 none 0.74870000000000003
12 57914310 rs28382837 0.67689999999999995
12 57914447 rs117126958 0.15010000000000001
12 57914826 rs183595307 0.77859999999999996
12 57915680 rs1148550 0.86060000000000003
12 57915807 rs3847699 0.99180000000000001
12 57917525 rs1148556 0.29809999999999998
12 57917830 rs112056661 0.42359999999999998
12 57918002 rs7965140 0.4929
12 57918085 rs61741508 0.64419999999999999
12 57918634 rs1148555 0.82199999999999995
12 57919079 rs113936977 2.188E-2
12 57919107 rs1148554 0.96150000000000002
12 57920262 rs2127318 0.93610000000000004
12 57920368 rs34551572 0.40820000000000001
12 57921188 rs1284605 0.91080000000000005
12 57921734 rs150653337 0.1298
12 57921866 rs117084250 1.222E-2
12 57922363 rs2620679 0.95140000000000002
12 57922755 rs112146992 0.72340000000000004
12 57923230 none 9.3939999999999996E-2
12 57924050 rs775324 0.97030000000000005
12 57924714 rs74470647 0.74070000000000003
12 57925685 rs111685414 0.55910000000000004
12 57926472 rs703837 0.95209999999999995
12 57926791 rs2292656 0.63070000000000004
12 57930310 rs79512872 4.7329999999999997E-2
12 57931429 rs79147703 0.25940000000000002
12 57931674 rs113690638 0.72189999999999999
12 57932094 rs111828051 0.47370000000000001
12 57933073 rs111995174 8.6940000000000003E-2
12 57933163 rs79376910 0.84450000000000003
12 57934124 rs75567496 0.93640000000000001
12 57934185 rs703840 0.69669999999999999
12 57935316 none 0.69059999999999999
12 57936327 rs775241 0.9748
12 57938052 none 0.37009999999999998
12 57938081 rs775238 0.82450000000000001
12 57938565 rs730560 1.0150000000000001E-3
12 57938853 rs78067419 0.74019999999999997
12 57939242 none 0.58509999999999995
12 57939314 rs74396207 0.66200000000000003
12 57940071 rs1669297 0.98939999999999995
12 57940076 rs1669296 0.99590000000000001
12 57940936 rs2280154 0.99990000000000001
12 57941027 none 0.99980000000000002
12 57942106 rs12824907 0.1263
12 57942283 rs11172246 0.99909999999999999
12 57942305 rs703841 0.31119999999999998
12 57942972 rs1148552 0.1782
12 57944192 none 0.61480000000000001
12 57945860 rs1148551 0.81540000000000001
12 57946477 rs6581146 0.23250000000000001
12 57946510 rs11172247 4.2519999999999999E-5
12 57947355 rs77241748 3.9140000000000001E-2
12 57948294 rs116844988 1.098E-2
12 57949939 rs75332639 0.13370000000000001
12 57950396 rs75568222 0.37919999999999998
12 57951040 rs78638304 0.78259999999999996
12 57951795 rs2599999 0.68059999999999998
12 57952943 rs71461328 0.48649999999999999
12 57952990 rs117022050 0.57099999999999995
12 57953210 rs117327204 0.73219999999999996
12 57953342 rs77117373 0.50480000000000003
12 57954387 rs117428475 1.346E-2
12 57956475 rs113968819 0.58420000000000005
12 57956797 rs775321 0.61270000000000002
12 57958313 rs775322 2.4490000000000001E-5
12 57960551 rs11172250 2.2720000000000001E-2
12 57960850 rs117149568 0.36059999999999998
12 57961168 rs12426997 0.96509999999999996
12 57962132 rs80161048 0.3931
12 57962944 rs2620678 0.249
12 57962957 rs116892071 0.84730000000000005
12 57965729 rs113655154 0.80610000000000004
12 57965870 rs112982686 0.57530000000000003
12 57968715 rs1678542 2.2249999999999999E-5
12 57968738 rs11172254 4.3930000000000001E-5
12 57970957 rs775243 0.1346
12 57971848 rs113155897 0.62309999999999999
12 57972428 rs4760303 0.96509999999999996
12 57973956 rs41401546 0.61040000000000005
12 57973990 rs775244 0.123
12 57974670 rs775245 0.94299999999999995
12 57975155 rs775246 0.61280000000000001
12 57975570 rs775247 0.997
12 57975700 rs113247976 0.66930000000000001
12 57976118 rs11172256 0.93310000000000004
12 57976168 rs809593 0.47420000000000001
12 57976647 rs2888334 1.3720000000000001E-7
12 57977003 rs775249 0.41
12 57977040 rs775250 0.54220000000000002
12 57978394 none 0.78639999999999999
12 57978740 rs775251 1.5820000000000001E-5
12 57979190 rs1678536 5.989E-7
12 57979253 rs112773369 0.63490000000000002
12 57979555 rs7313599 1.1440000000000001E-3
12 57979949 rs8873 0.47699999999999998
12 57980541 rs10747780 0.87209999999999999
12 57981689 rs183326953 0.3301
12 57982254 rs1545783 0.79590000000000005
12 57982794 rs7964896 0.71519999999999995
12 57984491 rs1630715 0.59309999999999996
12 57984504 rs1630692 0.21360000000000001
12 57984819 rs28365829 0.22600000000000001
12 57985204 rs11537654 5.993E-6
12 57985429 rs7973639 0.1051
12 57986366 rs1078109 0.32900000000000001
12 57988478 rs4760158 0.79569999999999996
12 57989043 rs1284185 0.1041
12 57990358 rs1284184 0.92989999999999995
12 57990517 rs75280852 0.67849999999999999
12 57993490 rs812315 0.90680000000000005
12 57994679 rs2277319 0.45
12 57995089 rs812873 0.88759999999999994
12 57999101 rs1806652 0.89829999999999999
12 57999546 rs775242 0.1216
12 58000216 rs755289 0.28439999999999999
12 58000378 rs703834 0.95440000000000003
12 58001670 rs188449944 0.68049999999999999
12 58002599 rs2306390 3.4060000000000001E-6
12 58004288 rs117150132 0.124
12 58004563 rs7314872 0.49130000000000001
12 58005682 rs60586224 0.90439999999999998
12 58005837 rs116953253 0.95040000000000002
12 58007149 rs141337782 0.54930000000000001
12 58007360 none 0.70379999999999998
12 58007626 rs117258237 4.283E-2
12 58007678 rs7305391 0.79469999999999996
12 58007937 rs78827077 0.25769999999999998
12 58008014 rs4760307 0.96509999999999996
12 58008248 rs73346100 0.46839999999999998
12 58008933 rs2277321 0.97509999999999997
12 58008952 rs703833 0.60599999999999998
12 58009202 rs2277322 6.8329999999999997E-3
12 58009372 rs2277323 0.16520000000000001
12 58010163 rs1564374 6.7239999999999999E-8
12 58010717 none 6.7990000000000004E-3
12 58011857 rs903067 1.592E-7
12 58012007 rs111987467 0.76160000000000005
12 58012163 rs1552842 7.6230000000000002E-8
12 58012233 rs11613457 1.1769999999999999E-2
12 58012258 rs117076209 0.37169999999999997
12 58012969 rs4617628 0.99829999999999997
12 58013175 rs2277324 5.5509999999999999E-7
12 58013250 rs4760309 0.99790000000000001
12 58013915 rs113984267 0.7611
12 58014396 rs111885292 0.7611
12 58015494 rs923828 8.2739999999999998E-8
12 58015749 rs111464959 0.58389999999999997
12 58015775 none 0.87919999999999998
12 58015819 rs111521101 0.69679999999999997
12 58015905 rs112041209 0.69679999999999997
12 58015923 rs76312418 0.17299999999999999
12 58016143 rs112435264 0.50819999999999999
12 58016239 rs113466353 0.71189999999999998
12 58016690 rs111988600 0.72050000000000003
12 58016837 rs117180202 0.82569999999999999
12 58016890 rs112603554 0.59040000000000004
12 58017100 rs17119801 0.4158
12 58017131 rs7294447 6.3030000000000003E-2
12 58017340 rs113097466 0.66249999999999998
12 58017701 rs7314152 4.8219999999999997E-6
12 58017860 rs113207856 0.374
12 58018272 rs112623033 0.7248
12 58018394 rs111352851 0.80769999999999997
12 58018668 rs111924104 0.35039999999999999
12 58018979 rs1871417 6.1600000000000003E-6
12 58019306 rs113630203 0.64329999999999998
12 58019472 rs774895 0.25230000000000002
12 58019495 rs774894 3.7780000000000001E-2
12 58019764 rs116948011 0.42799999999999999
12 58020582 rs17454674 0.79310000000000003
12 58020754 rs200524912 0.96330000000000005
12 58020825 rs813516 4.6199999999999998E-2
12 58020933 rs10083154 1.6479999999999999E-6
12 58021091 rs12320537 4.199E-2
12 58022024 rs11616065 0.68420000000000003
12 58022074 rs12322482 3.4270000000000002E-2
12 58022447 none 0.82020000000000004
12 58022618 rs147301375 0.91610000000000003
12 58023593 rs715931 5.4870000000000002E-2
12 58023741 rs1382848 0.90210000000000001
12 58023981 rs715930 4.1079999999999998E-2
12 58024189 rs191557438 1.6789999999999999E-2
12 58024278 rs810205 0.37269999999999998
12 58024626 rs703832 4.9910000000000002E-6
12 58025496 rs77985887 0.78369999999999995
12 58026001 rs2307095 1.6210000000000001E-8
12 58026021 rs2258877 0.2281
12 58026159 rs774897 0.1802
12 58026786 rs774898 0.2155
12 58027081 rs774899 0.18940000000000001
12 58027307 rs2619468 0.1462
12 58030100 rs61935731 0.999
12 58030974 rs2619470 0.1421
12 58031032 rs2640607 0.17330000000000001
12 58031413 rs7966795 1.736E-9
12 58032864 rs117821236 0.4798
12 58033445 rs73121665 0.13869999999999999
12 58034192 rs1027315 2.6740000000000001E-9
12 58037364 rs12304013 8.047E-2
12 58039904 rs11514192 4.482E-7
12 58053029 rs1689596 8.1650000000000004E-7
12 58054076 rs1678530 6.1309999999999999E-4
12 58055781 rs7966948 0.43459999999999999
12 58056763 rs1689595 9.1979999999999996E-7
12 58061516 rs112743107 0.94850000000000001
12 58062667 rs10876993 9.1979999999999996E-7
12 58063475 rs2928053 1.0300000000000001E-6
12 58064737 rs10876994 1.155E-7
12 58065448 rs2640629 1.3790000000000001E-6
12 58067000 rs184986624 0.79020000000000001
12 58067864 rs76620984 0.99029999999999996
12 58068388 rs774890 1.39E-6
12 58069107 rs799575 9.1509999999999996E-4
12 58069845 rs17455386 2.8029999999999999E-3
12 58070087 rs7295625 6.7140000000000005E-2
12 58070628 rs77505508 0.3453
12 58070975 rs12369416 1.6260000000000001E-3
12 58071515 rs12831104 0.87090000000000001
12 58074074 none 0.999
12 58075398 rs1689587 1.124E-6
12 58075937 rs7136269 9.0399999999999996E-4
12 58076515 rs11172300 3.2420000000000002E-8
12 58079586 rs1689586 1.518E-7
12 58079825 rs1479498 5.6399999999999999E-2
12 58080140 rs1689585 2.8519999999999999E-7
12 58080920 rs116947833 1.3129999999999999E-2
12 58083077 rs10877001 8.5290000000000002E-7
12 58085890 rs2619442 0.99909999999999999
12 58085920 none 0.86860000000000004
12 58086198 none 3.3110000000000001E-2
12 58086340 rs7311632 1.222E-8
12 58086775 rs117359859 0.18590000000000001
12 58086872 rs34854770 0.79190000000000005
12 58086929 rs75927612 0.30559999999999998
12 58087181 rs113209851 0.72219999999999995
12 58087737 rs4760168 1.8580000000000001E-3
12 58089243 rs7132646 0.99950000000000006
12 58089413 rs3825078 3.591E-6
12 58090234 rs59956283 3.3050000000000001E-6
12 58090301 rs12426511 8.0180000000000001E-6
12 58091039 rs17455486 0.97960000000000003
12 58091116 rs112764724 0.97440000000000004
12 58091825 rs138975273 0.58399999999999996
12 58092016 rs79032157 1.0619999999999999E-2
12 58092088 none 2.0169999999999999E-6
12 58092456 rs187626221 0.97440000000000004
12 58092554 rs7979246 2.452E-6
12 58093148 rs79913618 2.7210000000000002E-2
12 58094274 rs75231257 0.99590000000000001
12 58094497 rs73125460 4.0689999999999997E-2
12 58095989 rs7952989 9.7010000000000003E-9
12 58097750 rs75013973 3.4819999999999997E-2
12 58097862 rs11172304 1.0849999999999999E-5
12 58098746 rs11172305 0.80810000000000004
12 58099736 rs7295422 1.0320000000000001E-8
12 58100311 rs7961806 3.9379999999999997E-3
12 58100551 rs7976852 2.001E-6
12 58102739 rs78322225 0.753
12 58103047 rs117432567 9.5340000000000008E-3
12 58103385 none 0.99909999999999999
12 58103592 rs10877008 1.9369999999999998E-6
12 58104104 rs10082911 1.781E-6
12 58104884 rs79394718 4.1000000000000002E-2
12 58106634 rs111800129 0.753
12 58106836 rs701006 2.067E-9
12 58107058 rs111314722 0.75209999999999999
12 58107100 rs77765604 0.46210000000000001
12 58109379 rs117978598 4.9779999999999998E-3
12 58109707 rs73125477 0.90449999999999997
12 58110098 rs79610264 0.76349999999999996
12 58112155 rs34764811 0.62790000000000001
12 58112189 rs799265 8.7250000000000004E-9
12 58113125 rs799266 0.40439999999999998
12 58113158 rs799267 1.158E-8
12 58113416 rs701007 9.7230000000000004E-9
12 58115271 rs1050045 1.153E-8
12 58116767 rs77065481 0.3357
12 58116969 rs11172310 0.79249999999999998
12 58117355 rs238516 5.8399999999999997E-9
12 58117645 rs701008 1.3539999999999999E-10
12 58117737 rs238517 1.2909999999999999E-8
12 58118058 rs77903952 0.12230000000000001
12 58118248 rs2269720 1.453E-9
12 58118847 rs4760169 0.80510000000000004
12 58122558 rs113418945 0.93589999999999995
12 58122565 rs238522 0.75970000000000004
12 58123111 rs11172314 0.63919999999999999
12 58123376 rs41292013 9.0329999999999994E-2
12 58124037 rs116898708 1.7479999999999999E-2
12 58124803 rs238523 0.33400000000000002
12 58124992 rs10877011 1.8309999999999999E-11
12 58125438 rs12307841 0.70620000000000005
12 58126234 rs17852479 1.9230000000000001E-8
12 58127212 rs3893002 0.73760000000000003
12 58127332 rs238524 0.73570000000000002
12 58127401 rs111830825 3.7810000000000003E-2
12 58127476 rs238525 0.93469999999999998
12 58127766 rs238526 0.95030000000000003
12 58127967 rs12422249 0.91610000000000003
12 58128678 rs75933563 0.6149
12 58129575 rs113040833 0.56069999999999998
12 58129660 rs238527 0.73470000000000002
12 58130242 rs112843362 0.65539999999999998
12 58130502 rs2518686 0.99970000000000003
12 58132561 none 0.34289999999999998
12 58133256 rs12368653 1.306E-11
12 58133490 rs73338229 0.8266
12 58133988 rs118184030 0.10199999999999999
12 58134783 none 0.96399999999999997
12 58134803 rs238529 0.93469999999999998
12 58135420 rs12371356 9.6419999999999995E-12
12 58135487 rs117771651 0.9778
12 58135615 rs142216977 0.96399999999999997
12 58135659 rs238530 0.95850000000000002
12 58136718 rs147867860 0.70220000000000005
12 58137968 rs61935744 0.56899999999999995
12 58138868 rs117347172 0.1981
12 58139690 rs2640601 0.999
12 58139729 rs111263678 0.98529999999999995
12 58139743 rs11172318 0.27450000000000002
12 58140235 rs111737335 0.1696
12 58140966 rs113848162 0.64280000000000004
12 58141488 rs3211637 0.99909999999999999
12 58142850 rs2069507 3.3790000000000001E-3
12 58142854 rs2069506 3.292E-14
12 58143386 rs193231432 0.57789999999999997
12 58143983 rs115411964 3.0880000000000001E-2
12 58144665 rs2069502 2.3369999999999999E-14
12 58144921 rs3211614 0.83320000000000005
12 58146381 rs238532 0.91959999999999997
12 58146683 rs4986865 0.98870000000000002
12 58146719 rs2072052 2.202E-14
12 58146776 rs3211607 0.83379999999999999
12 58147101 rs3211605 6.9559999999999997E-2
12 58147521 none 0.99909999999999999
12 58151660 none 0.34260000000000002
12 58152948 rs1048691 0.37819999999999998
12 58153059 rs3741423 3.6900000000000002E-5
12 58153097 rs112078037 0.31209999999999999
12 58153428 rs11172325 0.9506
12 58155038 rs4646538 0.20100000000000001
12 58155057 rs73338254 0.40670000000000001
12 58155222 rs8176353 0.70879999999999999
12 58156848 rs8176350 0.60470000000000002
12 58156947 rs201629800 5.8770000000000003E-2
12 58157281 rs4646537 0.54549999999999998
12 58157712 rs112144903 0.96299999999999997
12 58157988 rs4646536 8.1090000000000002E-16
12 58158104 rs8176346 0.23449999999999999
12 58158558 rs8176345 1.593E-2
12 58159321 rs111629101 0.63300000000000001
12 58159442 rs35569378 0.58889999999999998
12 58160141 rs117629275 8.6510000000000004E-2
12 58160373 rs8176342 0.63300000000000001
12 58161660 rs11172327 0.95220000000000005
12 58162085 rs10877012 1.757E-15
12 58162739 rs703842 2.0890000000000001E-12
12 58163265 rs77194942 0.52729999999999999
12 58163305 rs200262817 2.3709999999999999E-12
12 58164455 rs11829917 0.72450000000000003
12 58165085 rs10877013 3.556E-16
12 58165282 rs117095012 0.37640000000000001
12 58165283 rs180883428 0.35389999999999999
12 58165441 rs113489585 0.60509999999999997
12 58166590 rs34913183 0.92379999999999995
12 58167196 rs12423195 5.1250000000000004E-16
12 58167788 rs10877015 7.8889999999999996E-16
12 58167992 rs10877016 4.1120000000000001E-16
12 58169902 rs4760323 0.61950000000000005
12 58170170 rs4760324 0.66610000000000003
12 58170335 rs11172333 9.5979999999999994E-16
12 58170866 rs187775165 0.84640000000000004
12 58171423 rs148557538 0.53859999999999997
12 58172565 none 0.34110000000000001
12 58172929 rs10877019 8.1029999999999997E-16
12 58173466 rs8181644 4.6479999999999998E-16
12 58174306 rs923829 5.2939999999999996E-15
12 58175201 rs11172335 6.699E-16
12 58175350 rs201735876 0.1835
12 58175395 rs74539975 3.2590000000000001E-2
12 58176420 rs17565804 0.68810000000000004
12 58176614 rs10747783 5.633E-16
12 58176748 rs113076435 0.9597
12 58176797 rs11614185 2.6400000000000002E-4
12 58177292 rs11172336 0.72460000000000002
12 58178148 rs10431552 3.9740000000000001E-16
12 58178162 rs6581155 3.0599999999999999E-16
12 58179141 rs12306667 0.96509999999999996
12 58179736 rs117379933 0.97450000000000003
12 58179927 rs112348190 0.63180000000000003
12 58180044 rs77670568 0.70679999999999998
12 58180416 rs724834 7.4780000000000004E-16
12 58181281 rs183209163 0.63849999999999996
12 58182062 rs201202118 6.6839999999999996E-13
12 58183124 rs142394086 0.32319999999999999
12 58183636 rs117839344 4.6539999999999998E-5
12 58183767 rs11172338 0.96619999999999995
12 58187674 none 0.65690000000000004
12 58187758 rs11172342 4.9719999999999997E-16
12 58188014 rs10877020 7.1080000000000002E-11
12 58188144 rs7976556 0.95320000000000005
12 58188157 rs11172343 6.1950000000000001E-16
12 58190576 rs112956536 7.7170000000000002E-2
12 58192181 rs111935385 3.5509999999999999E-3
12 58192334 rs117989560 0.60429999999999995
12 58193448 rs11172344 6.0499999999999998E-11
12 58193551 rs112927452 0.61180000000000001
12 58194954 rs111647711 0.66610000000000003
12 58195038 rs112274200 0.66610000000000003
12 58195230 rs112885403 0.66610000000000003
12 58195773 rs3816896 8.738E-11
12 58196447 rs10783847 3.005E-16
12 58196528 rs10783848 5.2810000000000004E-16
12 58196739 rs117324353 0.21609999999999999
12 58196802 rs1875124 1.0130000000000001E-15
12 58198084 rs4760326 0.30680000000000002
12 58198205 none 2.579E-2
12 58198603 none 0.43020000000000003
12 58199135 none 0.45729999999999998
12 58200478 rs113034315 0.58460000000000001
12 58200718 none 0.99909999999999999
12 58201026 rs75919341 0.4093
12 58201598 rs111374849 0.90639999999999998
12 58201775 rs61938185 6.2059999999999997E-3
12 58202090 rs76705486 3.7659999999999999E-2
12 58202123 rs74724134 0.93940000000000001
12 58202419 rs2277326 1.7520000000000001E-7
12 58203264 rs12582311 0.18890000000000001
12 58203291 rs73109213 5.7439999999999998E-2
12 58203354 rs3825079 5.9709999999999998E-16
12 58203377 rs2277325 2.988E-2
12 58204145 rs112269561 0.79600000000000004
12 58204606 rs61938187 0.45250000000000001
12 58205431 rs112341552 0.58599999999999997
12 58206502 rs200507204 4.8619999999999999E-14
12 58206592 none 0.36680000000000001
12 58206832 rs187187472 0.66610000000000003
12 58207297 rs112670181 0.58520000000000005
12 58207558 rs117531215 0.46460000000000001
12 58208164 rs1021469 1.278E-14
12 58208597 rs79970417 0.35489999999999999
12 58210169 rs34929841 0.67310000000000003
12 58210334 rs74410236 0.1716
12 58211503 rs55933151 0.27989999999999998
12 58211649 rs11172348 0.72460000000000002
12 58212119 rs4760331 0.66569999999999996
12 58212374 none 0.76639999999999997
12 58212528 rs11172349 3.5039999999999998E-16
12 58212981 rs112242591 0.83030000000000004
12 58213422 rs201005857 2.64E-2
12 58213424 none 0.58499999999999996
12 58213485 rs11172351 3.7990000000000002E-16
12 58213603 rs117047801 0.15870000000000001
12 58213979 rs113076520 0.66510000000000002
12 58215707 rs937540 0.95320000000000005
12 58217708 rs12822897 0.59079999999999999
12 58217927 rs78073833 0.67720000000000002
12 58218382 rs41292017 0.53769999999999996
12 58218630 rs78914828 1.158E-2
12 58218799 none 0.84870000000000001
12 58219173 rs870392 1.8720000000000001E-12
12 58219290 rs191358766 1.8020000000000001E-2
12 58219366 rs113514774 0.33739999999999998
12 58219384 rs145194107 0.91010000000000002
12 58219681 rs871871 2.7129999999999998E-12
12 58221707 rs184932341 0.86629999999999996
12 58221754 rs112571993 0.3034
12 58221813 rs77359002 1.3259999999999999E-2
12 58222672 rs4760332 7.8379999999999995E-12
12 58223508 rs17119958 0.9506
12 58225904 rs4760171 1.866E-8
12 58226709 rs10877024 6.527E-12
12 58227241 rs1875125 1.0509999999999999E-11
12 58228588 rs7489290 9.5039999999999999E-12
12 58229377 rs10783850 1.0799999999999999E-11
12 58229601 none 0.99709999999999999
12 58229892 rs80027536 0.58260000000000001
12 58230526 rs112295453 0.32529999999999998
12 58230544 rs112463655 0.87829999999999997
12 58230632 rs113226834 0.68069999999999997
12 58231155 rs10783851 8.4460000000000002E-12
12 58231731 rs11172358 0.60719999999999996
12 58231896 rs112605704 0.94259999999999999
12 58232812 rs12304988 0.86960000000000004
12 58232939 rs12305031 2.4520000000000002E-3
12 58234262 rs10783853 6.189E-9
12 58234817 rs75699640 9.0860000000000003E-3
12 58234882 rs138164344 0.45850000000000002
12 58234930 rs12315962 0.99890000000000001
12 58235167 rs191901640 0.90049999999999997
12 58235598 rs4760334 0.79759999999999998
12 58235676 rs115816753 0.3417
12 58238187 rs4447215 0.68130000000000002
12 58238402 rs11832073 0.36499999999999999
12 58241028 rs10877028 2.894E-8
12 58241553 none 2.0979999999999999E-2
12 58242000 none 0.94259999999999999
12 58242545 rs1599750 3.876E-12
12 58242849 rs1599751 4.6670000000000002E-12
12 58243098 rs118052422 0.45440000000000003
12 58243688 rs117133493 5.3809999999999997E-2
12 58244090 rs117517553 0.4415
12 58244282 none 0.2913
12 58244630 rs10783854 3.5220000000000001E-12
12 58244746 rs11172361 1.51E-9
12 58245220 rs4760336 0.94279999999999997
12 58245951 rs192163532 0.31180000000000002
12 58246210 rs118088744 0.51100000000000001
12 58246356 rs10783855 9.4150000000000006E-12
12 58246560 rs7974994 0.69089999999999996
12 58246751 rs2173633 0.79759999999999998
12 58248750 rs12100003 0.99929999999999997
12 58248917 rs73102465 8.9779999999999999E-2
12 58251162 none 0.91690000000000005
12 58251730 rs181275059 0.85970000000000002
12 58254015 rs4760172 6.1329999999999997E-11
12 58254089 rs78864054 0.65490000000000004
12 58254381 rs74772138 7.1529999999999996E-2
12 58256010 rs10877029 7.4289999999999996E-11
12 58256160 rs73102478 4.9259999999999998E-2
12 58256714 rs10877030 1.1409999999999999E-11
12 58257760 rs35816581 0.64290000000000003
12 58258104 rs111385380 0.68920000000000003
12 58258430 rs117135945 0.34050000000000002
12 58258850 rs1599931 4.3990000000000002E-9
12 58259564 rs59401446 2.7149999999999998E-9
12 58260601 rs10747786 2.543E-9
12 58260657 rs10747787 2.3119999999999999E-9
12 58261263 rs113843729 0.2928
12 58262449 rs7312285 0.99819999999999998
12 58262523 rs7312623 2.303E-9
12 58263852 rs7134797 3.0920000000000001E-9
12 58263994 rs111662389 0.41880000000000001
12 58264626 none 0.58040000000000003
12 58264848 rs55775066 3.6499999999999998E-2
12 58265283 none 0.83689999999999998
12 58265833 rs7963671 0.1724
12 58267829 rs73102489 7.7499999999999999E-2
12 58267987 rs4237844 2.7670000000000001E-9
12 58268149 rs4760339 3.3310000000000002E-9
12 58270063 rs9645819 1.719E-9
12 58272486 rs11172367 1.8449999999999999E-9
12 58275176 rs4760340 1.635E-6
12 58280355 rs11833152 0.99960000000000004
12 58280592 rs11172369 2.1769999999999998E-9
12 58281526 rs34060362 0.17949999999999999
12 58283385 rs2002275 3.3310000000000002E-9
12 58283731 rs10877033 1.9639999999999999E-8
12 58284555 rs17119978 0.24060000000000001
12 58286188 rs11172371 7.1809999999999999E-9
12 58286273 rs11172372 1.3829999999999999E-6
12 58286444 rs10877034 1.017E-6
12 58287202 rs17119981 0.56279999999999997
12 58287254 rs11834260 0.74609999999999999
12 58287630 rs7971877 1.8870000000000001E-5
12 58288363 rs4128707 7.7620000000000003E-8
12 58288793 rs6581157 8.5220000000000001E-9
12 58289072 rs6650217 9.8309999999999998E-8
12 58289100 rs6650219 6.0170000000000002E-8
12 58289281 rs35985500 0.67779999999999996
12 58289696 rs17119991 0.67820000000000003
12 58289885 rs12296922 0.71640000000000004
12 58290226 rs3751330 8.4819999999999999E-7
12 58291408 rs117262501 0.49130000000000001
12 58291908 rs74547570 0.73360000000000003
12 58291919 rs61935768 0.96909999999999996
12 58292003 rs112149933 0.70630000000000004
12 58292707 rs1962047 1.609E-8
12 58292811 rs12322495 0.87419999999999998
12 58292998 rs34241380 0.752
12 58293161 rs12322586 0.82269999999999999
12 58293664 rs12309291 0.81340000000000001
12 58294344 rs61935769 2.6160000000000001E-8
12 58295300 rs118069253 6.4539999999999994E-8
12 58295664 none 0.63160000000000005
12 58295949 rs7963992 2.1150000000000001E-7
12 58296498 rs11172377 0.72989999999999999
12 58298131 rs113734664 0.41149999999999998
12 58298161 rs11172378 1.5119999999999999E-8
12 58298229 rs75209574 0.48909999999999998
12 58299037 rs7954591 6.1290000000000002E-8
12 58299250 rs7954957 8.6120000000000006E-8
12 58299553 rs35441007 0.72209999999999996
12 58300246 rs186941559 0.89810000000000001
12 58301062 rs7977734 0.1173
12 58301100 rs7962775 0.4748
12 58301211 rs4553410 1.2240000000000001E-7
12 58302296 rs142999642 0.34570000000000001
12 58302298 rs117355496 0.50790000000000002
12 58302436 rs4237845 1.2919999999999999E-7
12 58302778 rs35414690 0.41889999999999999
12 58303370 rs142221630 0.82379999999999998
12 58303487 rs34633617 0.65769999999999995
12 58303535 rs7137226 0.50580000000000003
12 58304783 rs7978588 4.9590000000000003E-6
12 58304913 rs7978519 6.4269999999999994E-2
12 58307649 rs11172379 0.77569999999999995
12 58308383 rs9971722 3.1219999999999999E-6
12 58309286 rs34300531 6.207E-2
12 58310227 rs75574095 0.26090000000000002
12 58310616 rs34170251 5.7939999999999998E-2
12 58311238 rs73104434 0.56230000000000002
12 58311524 rs10431506 1.9910000000000001E-8
12 58311834 rs4628719 0.62160000000000004
12 58313144 rs10783857 8.5839999999999996E-3
12 58313965 rs61015952 8.2049999999999998E-2
12 58314418 rs34221389 7.2760000000000005E-2
12 58316396 rs71461338 0.3856
12 58317129 rs10467131 0.99980000000000002
12 58318197 rs116934812 0.20330000000000001
12 58318897 rs7298370 3.021E-6
12 58320052 rs7954747 0.99909999999999999
12 58320099 rs7968082 0.82609999999999995
12 58320100 rs7968265 6.3460000000000003E-2
12 58320244 rs11831537 0.64190000000000003
12 58320436 rs4760174 2.9179999999999998E-6
12 58321518 rs10877035 5.9619999999999999E-9
12 58321650 rs10877036 9.2930000000000006E-6
12 58322604 rs34437870 8.4269999999999998E-2
12 58323136 rs55670240 0.44219999999999998
12 58323802 rs113580822 5.5849999999999997E-2
12 58323876 rs6581159 8.0390000000000005E-6
12 58324787 rs35726562 0.1032
12 58324842 rs185716804 0.78480000000000005
12 58326448 rs10877040 2.9040000000000001E-8
12 58326569 rs79006528 0.74680000000000002
12 58326599 rs17120198 8.5290000000000005E-2
12 58327460 rs76588801 0.2999
12 58327497 rs113171756 9.1749999999999998E-2
12 58328500 rs10877041 2.5659999999999999E-8
12 58329063 none 8.8370000000000004E-2
12 58329935 rs2888288 4.1699999999999999E-6
12 58330053 rs3829337 8.2619999999999999E-2
12 58330541 rs4272820 1.327E-5
12 58333417 rs6581161 4.2830000000000003E-6
12 58333869 rs2888286 8.0949999999999994E-2
12 58334310 rs116943205 9.5219999999999999E-2
12 58334743 rs4760346 8.5760000000000006E-6
12 58335130 rs4590915 3.3540000000000001E-8
12 58335142 rs4509811 6.1850000000000001E-6
12 58335330 rs3751326 4.9100000000000004E-7
12 58335626 rs3751325 2.9859999999999997E-8
12 58336066 rs7133278 9.2569999999999996E-6
12 58336103 rs7133275 9.9879999999999997E-2
12 58336802 none 0.41520000000000001
12 58337132 rs11172388 3.9020000000000001E-8
12 58337671 rs11172389 7.0220000000000003E-8
12 58338391 rs35326083 0.1024
12 58338556 rs34238095 9.3899999999999997E-2
12 58339610 rs12822306 0.14019999999999999
12 58339982 rs192818532 0.29920000000000002
12 58340143 rs74937823 0.1031
12 58340534 rs56964775 0.10390000000000001
12 58340664 rs77313810 0.65159999999999996
12 58340713 rs143021721 0.39910000000000001
12 58341138 rs7303136 0.1027
12 58341325 rs7132343 0.1114
12 58341722 rs7136078 9.3109999999999998E-2
12 58341950 rs181149429 0.51090000000000002
12 58342677 rs7136981 5.6509999999999998E-6
12 58342775 rs7295307 0.1
12 58343095 none 0.5222
12 58343710 rs7299249 1.5690000000000001E-5
12 58343768 rs7299512 7.7740000000000004E-2
12 58344043 rs7299911 0.59499999999999997
12 58344128 rs193215142 0.6452
12 58344204 rs12829858 9.8000000000000004E-2
12 58344857 rs17120038 0.10150000000000001
12 58344994 rs17120201 7.9299999999999995E-2
12 58345344 rs17568156 0.81200000000000006
12 58345606 rs17120203 0.1017
12 58346248 rs111276784 0.14760000000000001
12 58346868 rs4760347 1.6949999999999999E-5
12 58347144 rs17120048 6.7650000000000002E-2
12 58347162 rs117564332 0.8165
12 58347345 rs17490182 0.2641
12 58347548 rs12297812 0.99990000000000001
12 58347576 rs7135674 0.99929999999999997
12 58347708 rs12319761 0.99980000000000002
12 58348030 rs11172394 0.99919999999999998
12 58348380 rs6581162 9.9820000000000006E-2
12 58348425 rs6581163 9.7900000000000001E-2
12 58348945 none 0.99960000000000004
12 58349257 rs17120056 0.87090000000000001
12 58349517 rs17120057 9.3759999999999996E-2
12 58349596 rs17120058 0.1467
12 58349648 rs34567504 0.1113
12 58350559 rs117810504 0.71789999999999998
12 58350618 rs117230607 0.4128
12 58350631 rs10122 1.6670000000000001E-5
12 58357941 rs10783861 1.372E-3
12 58357942 rs10783862 1.1689999999999999E-3
12 58358250 rs12312532 0.35799999999999998
12 58358413 rs7959475 1.108E-3
12 58358603 rs7974695 0.16
12 58358698 rs11172398 0.63780000000000003
12 58358704 rs7977671 6.7139999999999998E-5
12 58358816 rs74968967 0.50239999999999996
12 58358998 rs6581164 4.8260000000000002E-5
12 58360500 rs7954291 5.7160000000000002E-5
12 58361161 rs10877043 1.082E-4
12 58362159 rs12320068 1
12 58362259 rs10877044 1.1230000000000001E-4
12 58363244 rs4362183 1.103E-4
12 58363440 rs12829865 0.94079999999999997
12 58363863 rs4760177 5.6289999999999998E-5
12 58366472 rs4606520 2.2179999999999999E-3
12 58366606 rs11172406 5.5640000000000003E-5
12 58366789 rs77389325 0.60089999999999999
12 58368528 rs78447026 0.379
12 58368746 rs11608333 4.9280000000000003E-5
12 58369003 rs7132521 7.2520000000000004E-5
12 58369055 rs6581166 0.76980000000000004
12 58369425 rs6581167 0.1588
12 58369569 rs12811129 0.55959999999999999
12 58369933 rs12366757 7.0619999999999998E-5
12 58370123 rs12366794 6.1240000000000003E-5
12 58371064 rs11172410 6.3150000000000004E-5
12 58371577 rs4760178 1.0560000000000001E-3
12 58374904 rs12827878 6.0200000000000002E-3
12 58374946 rs17120086 0.52749999999999997
12 58375262 rs17120090 0.26369999999999999
12 58375557 rs10083177 1
12 58375589 rs10877047 7.2960000000000006E-5
12 58376230 rs116948952 0.6905
12 58376785 rs76205642 0.49819999999999998
12 58376973 rs11172414 0.99919999999999998
12 58377067 rs7964378 0.41660000000000003
12 58377382 rs17120098 0.44
12 58378795 rs2372379 4.9699999999999996E-3
12 58379224 rs2372378 6.4700000000000001E-5
12 58380972 rs17120110 0.51719999999999999
12 58381135 rs4016144 0.26340000000000002
12 58381137 rs17568977 0.15279999999999999
12 58381466 rs3858557 3.1740000000000002E-3
12 58381494 rs17120122 0.1512
12 58381546 rs17569054 0.51829999999999998
12 58382097 rs3933982 5.4280000000000002E-5
12 58382307 rs12311155 0.99990000000000001
12 58382541 rs2659661 0.25409999999999999
12 58382895 rs971340 0.30909999999999999
12 58383327 rs75563511 0.93759999999999999
12 58383407 rs118091576 0.39140000000000003
12 58383555 rs7960690 3.6109999999999998E-5
12 58383580 rs7960942 4.2169999999999998E-5
12 58384416 rs12828647 2.8350000000000001E-5
12 58385095 rs77952665 0.4783
12 58385951 rs74468458 0.46829999999999999
12 58386125 rs1395513 0.25
12 58386712 rs17491039 0.71640000000000004
12 58386722 rs10506393 2.495E-5
12 58386782 rs76788855 6.5379999999999994E-2
12 58386826 rs17120134 6.7659999999999999E-5
12 58386955 rs11172416 0.8639
12 58386987 rs7484670 2.3980000000000001E-5
12 58387400 rs4760181 2.5430000000000001E-3
12 58387660 rs1124448 0.45419999999999999
12 58387913 rs118079621 0.96030000000000004
12 58388232 rs1605333 3.2650000000000001E-5
12 58392933 rs4495927 4.6520000000000002E-5
12 58392946 rs2888299 6.6630000000000004E-5
12 58394891 rs76998441 0.4546
12 58395005 rs117596451 0.41099999999999998
12 58396673 rs7963367 2.923E-5
12 58396720 rs78534313 0.46150000000000002
12 58396973 rs1506888 7.135E-5
12 58397858 rs11172422 3.4039999999999999E-5
12 58398264 rs77434191 0.48699999999999999
12 58398365 rs951901 3.9499999999999998E-5
12 58398675 rs117229639 0.48849999999999999
12 58398693 rs7978423 1.2760000000000001E-4
12 58399150 rs117896970 0.43530000000000002
12 58399155 rs6581170 4.6249999999999999E-5
12 58399530 rs2720190 0.99970000000000003
12 58399576 rs17569631 0.40960000000000002
12 58399657 rs2720189 0.80420000000000003
12 58400076 rs12368533 0.9083
12 58400157 rs34040492 0.25309999999999999
12 58400539 rs78751315 0.42930000000000001
12 58400847 rs12422985 4.5670000000000002E-5
12 58401364 rs10877052 4.2979999999999998E-5
12 58401482 rs4760182 4.7349999999999999E-5
12 58402465 rs2221541 4.1829999999999998E-5
12 58402479 rs17491714 0.24030000000000001
12 58402563 none 0.99960000000000004
12 58402565 rs200118819 9.9160000000000006E-5
12 58402808 rs17491749 0.41260000000000002
12 58402864 rs7304458 5.6919999999999997E-5
12 58402912 rs7135063 3.9570000000000002E-5
12 58403140 rs7135328 1.3880000000000001E-4
12 58403162 rs7304628 1.2899999999999999E-4
12 58403250 rs7304755 1.099E-4
12 58403439 rs7135728 1.5459999999999999E-4
12 58403646 rs17120179 1.4440000000000001E-4
12 58403744 rs17120182 1.188E-4
12 58403846 rs12820787 1.3970000000000001E-4
12 58404007 rs1911259 1.5109999999999999E-4
12 58404498 rs79273718 0.12529999999999999
12 58404626 rs34504532 1.985E-4
12 58404685 rs35195629 2.2709999999999999E-4
12 58405004 rs2720188 0.3
12 58405829 rs10747790 1.7210000000000001E-4
12 58406041 rs17491966 0.38150000000000001
12 58406851 rs117028981 0.37019999999999997
12 58406933 rs12301402 0.99970000000000003
12 58407109 rs871907 1.7780000000000001E-4
12 58407199 rs871908 7.2189999999999998E-5
12 58407527 rs10877054 0.88580000000000003
12 58407669 rs79918060 0.5353
12 58408214 rs76354022 0.43030000000000002
12 58409098 rs10783865 6.4919999999999995E-5
12 58409743 rs10877055 1.9929999999999999E-4
12 58410245 rs17576604 0.43980000000000002
12 58410265 rs76438165 0.41720000000000002
12 58410685 rs17492213 0.42459999999999998
12 58410756 rs1911260 1.9149999999999999E-4
12 58410810 rs17492255 0.9224
12 58410916 rs1911261 1.819E-4
12 58417789 rs10506392 0.23089999999999999
12 58418246 rs1354795 1.9919999999999999E-4
12 58418499 rs1605334 1.6799999999999999E-4
12 58418538 rs1605335 1.797E-4
12 58419432 rs11172426 0.93279999999999996
12 58419780 rs1506890 1.3219999999999999E-4
12 58420908 rs7970516 1.9459999999999999E-4
12 58421053 rs11172427 1.5990000000000001E-4
12 58421132 rs970249 7.3079999999999998E-5
12 58421729 rs12422977 0.32400000000000001
12 58421879 rs7309912 1.661E-4
12 58422111 rs79278545 0.62019999999999997
12 58422366 rs66832796 1.093E-3
12 58422642 rs12368865 3.4889999999999997E-2
12 58423203 rs4435045 2.232E-4
12 58423560 rs12580381 1.872E-4
12 58423872 rs2659665 1.4339999999999999E-4
12 58424199 rs7954914 2.1699999999999999E-4
12 58424622 rs1395514 2.0120000000000001E-4
12 58424888 rs117841534 0.82799999999999996
12 58428432 rs118179155 0.36759999999999998
12 58428520 rs77087440 0.4708
12 58428763 rs11172429 0.49120000000000003
12 58428860 rs73112406 1.9939999999999999E-2
12 58430473 rs1588056 2.5270000000000002E-4
12 58433859 rs11834786 1.92E-4
12 58435641 rs1857941 1.639E-4
12 58436988 rs4760186 8.352E-5
12 58437081 rs4760187 2.118E-4
12 58437375 rs77374104 0.91069999999999995
12 58437441 none 0.9375
12 58437493 rs10783867 2.2169999999999999E-4
12 58437607 rs10783868 2.153E-4
12 58437869 rs7954592 1.961E-4
12 58438815 rs1506883 1.8000000000000001E-4
12 58438844 rs73112422 0.27
12 58438953 rs1506884 1.238E-3
12 58439028 rs4403838 7.0749999999999999E-5
12 58439029 rs4439558 7.0549999999999994E-5
12 58439096 rs4444117 1.5679999999999999E-4
12 58439119 rs4465402 1.8459999999999999E-4
12 58439226 rs2659639 1.36E-4
12 58439374 rs4575322 1.652E-4
12 58439500 rs1354794 1.4990000000000001E-4
12 58439569 rs4760362 1.975E-4
12 58440491 rs1506886 0.75629999999999997
12 58440714 rs7980024 1.7780000000000001E-4
12 58440776 rs7979813 1.8330000000000001E-4
12 58440860 rs7966544 1.717E-4
12 58440924 rs12369381 1.85E-4
12 58441831 rs11172433 6.4469999999999998E-5
12 58457885 rs117509433 0.94510000000000005
12 58458032 rs11172453 6.8020000000000003E-5
12 58458623 rs10783873 1.1510000000000001E-4
12 58459066 rs982492 1.6000000000000001E-4
12 58459344 rs982493 1.189E-4
12 58459408 rs12824706 5.749E-5
12 58459871 rs2659646 9.3629999999999998E-3
12 58459949 rs34885501 6.2890000000000003E-5
12 58460305 rs116848351 0.42370000000000002
12 58460909 rs4760364 5.1940000000000001E-5
12 58461309 rs4760365 6.6829999999999995E-5
12 58461697 rs1580976 4.0979999999999997E-5
12 58461702 rs55747716 0.94089999999999996
12 58461764 rs1580977 1.3180000000000001E-4
12 58461842 rs78107123 0.40050000000000002
12 58462570 rs74378073 0.95820000000000005
12 58463603 rs117174206 0.42830000000000001
12 58463700 rs4760366 6.1450000000000003E-5
12 58463914 rs60442832 1.6369999999999999E-4
12 58464144 rs10877065 6.444E-5
12 58464406 rs11172456 6.7650000000000005E-5
12 58464493 rs184932034 0.2828
12 58464571 rs79317679 0.84279999999999999
12 58464663 rs10877066 6.1810000000000006E-5
12 58464751 rs2720178 1.071E-4
12 58464772 rs2720177 0.4118
12 58464881 rs10877067 6.4670000000000003E-5
12 58464971 rs2720176 1.484E-4
12 58465205 rs2659648 1
12 58466617 rs11172457 1.4170000000000001E-3
12 58467382 rs7959717 6.9989999999999999E-5
12 58467996 rs61936185 0.19439999999999999
12 58468122 rs2720175 0.42759999999999998
12 58468163 rs2720174 0.41099999999999998
12 58468331 rs2720173 1.4100000000000001E-4
12 58470262 rs2720172 0.99970000000000003
12 58470456 rs4505105 0.39489999999999997
12 58470624 rs75715294 0.42299999999999999
12 58471046 rs79132738 0.41520000000000001
12 58471457 rs2659663 0.41560000000000002
12 58471473 rs2720171 8.1309999999999993E-2
12 58471547 rs78548876 0.40060000000000001
12 58471961 rs73339741 0.4551
12 58472093 rs12828184 0.49120000000000003
12 58472136 rs74832407 0.40360000000000001
12 58472235 rs2659664 0.6915
12 58472363 rs1027800 9.5199999999999997E-5
12 58472722 rs57704355 0.34970000000000001
12 58472789 rs76957904 0.40310000000000001
12 58472865 rs2659638 1
12 58473241 rs2720170 0.86980000000000002
12 58473351 rs1395511 1.6670000000000001E-4
12 58473636 rs1567130 1.604E-4
12 58474710 rs2659637 0.46560000000000001
12 58474765 rs2720169 0.41399999999999998
12 58474773 rs2720168 0.99909999999999999
12 58474863 rs7976016 7.0549999999999996E-4
12 58475065 rs2659636 0.41410000000000002
12 58475472 rs2720166 0.41539999999999999
12 58475709 rs117868683 7.3830000000000007E-2
12 58476065 rs1032946 8.2709999999999999E-4
12 58476162 rs80124794 0.35249999999999998
12 58476461 rs2720165 0.40060000000000001
12 58476489 rs2659635 0.1424
12 58476810 rs10877068 8.8970000000000004E-3
12 58476905 rs10877069 7.2860000000000004E-4
12 58477116 rs2659634 0.99909999999999999
12 58478598 rs4354731 8.6269999999999999E-4
12 58478688 rs2257321 2.493E-3
12 58479152 rs2659633 0.39240000000000003
12 58479480 rs2720185 0.42849999999999999
12 58479680 rs2659632 0.41360000000000002
12 58480585 rs7975711 7.0989999999999996E-4
12 58480682 rs2720183 0.45319999999999999
12 58480707 rs7978954 0.1308
12 58481120 rs2659671 0.47149999999999997
12 58481322 rs28532188 0.45169999999999999
12 58481656 rs2720180 0.99970000000000003
12 58481771 rs2733452 0.47249999999999998
12 58481897 rs11172461 0.54159999999999997
12 58482159 rs17120278 0.11990000000000001
12 58482686 rs2036451 9.0320000000000005E-4
12 58482802 rs2036448 0.45169999999999999
12 58483110 rs1001353 0.68669999999999998
12 58483406 rs2659669 0.99909999999999999
12 58483456 rs999983 0.1517
12 58483701 rs265566 0.99909999999999999
12 58484047 rs265565 0.40899999999999997
12 58484085 rs17120288 0.49930000000000002
12 58484296 rs265564 0.41520000000000001
12 58485363 rs265563 0.99909999999999999
12 58485470 rs12316479 0.57669999999999999
12 58485767 rs11172462 0.82350000000000001
12 58486021 rs265562 0.40079999999999999
12 58487055 rs265560 9.3829999999999998E-4
12 58487418 rs78062535 0.4022
