CHR BP SNP P
1 160698276 rs564141 9.3179999999999999E-3
1 160700126 rs116424351 0.83330000000000004
1 160702475 rs576627 8.5309999999999997E-2
1 160702642 rs577052 8.8730000000000003E-2
1 160702791 rs579272 1.388E-2
1 160703965 rs983494 8.0780000000000002E-7
1 160705619 rs549471 8.6300000000000002E-2
1 160707779 rs508744 5.7700000000000001E-2
1 160710157 rs2295616 4.031E-7
1 160710243 rs573702 5.4770000000000003E-4
1 160710259 rs510131 0.1076
1 160710653 none 0.36820000000000003
1 160710745 rs535622 1.609E-2
1 160711331 rs116288986 0.20930000000000001
1 160711477 rs3766370 5.2379999999999997E-7
1 160711499 rs12022775 0.12759999999999999
1 160711759 rs565861 9.3920000000000003E-2
1 160711804 rs35967351 4.7899999999999999E-8
1 160712817 rs3845629 0.53979999999999995
1 160713848 rs17313034 8.3549999999999998E-7
1 160713991 rs116507594 0.88180000000000003
1 160714126 rs75573669 0.69159999999999999
1 160714207 rs80242873 0.77559999999999996
1 160714563 rs544466 3.9659999999999999E-3
1 160714583 rs544518 8.8969999999999994E-2
1 160714724 rs3766373 5.3209999999999995E-7
1 160715091 rs549103 7.1259999999999997E-4
1 160715819 rs11588524 7.6260000000000001E-7
1 160717741 rs17313062 1.5009999999999999E-6
1 160720074 rs11581248 3.3639999999999998E-3
1 160720554 rs3766374 1.181E-6
1 160721217 rs149365956 0.27560000000000001
1 160722007 rs2295617 0.90820000000000001
1 160722064 rs527342 0.91149999999999998
1 160722302 rs2295618 0.48120000000000002
1 160722308 rs115018834 0.503
1 160722407 rs78937709 2.0539999999999999E-2
1 160722550 rs489286 1.5770000000000001E-6
1 160723049 rs2295619 0.48130000000000001
1 160723256 rs495706 1.2279999999999999E-6
1 160723448 rs11265473 6.7749999999999997E-7
1 160723517 rs518721 1.5990000000000001E-6
1 160724305 rs526030 0.93100000000000005
1 160725854 rs569932 6.3200000000000005E-7
1 160726081 rs78225584 0.96619999999999995
1 160726891 rs1328111 3.6540000000000001E-6
1 160727088 rs556753 7.2260000000000003E-5
1 160727472 rs116166051 0.34670000000000001
1 160728209 rs522947 0.93459999999999999
1 160729163 rs11265475 6.875E-3
1 160730572 rs497896 0.64359999999999995
1 160731426 rs12741090 0.82
1 160732784 rs564883 5.7389999999999996E-6
1 160732855 rs76240791 0.188
1 160733764 rs11805079 8.8529999999999998E-3
1 160735410 rs549626 0.65690000000000004
1 160735520 rs12064520 2.576E-6
1 160735814 rs574491 2.5840000000000002E-6
1 160736272 rs579821 3.1980000000000001E-6
1 160736598 rs492484 0.69810000000000005
1 160737330 rs116077725 0.81299999999999994
1 160737437 rs34536517 0.74439999999999995
1 160737621 rs546757 4.6190000000000002E-6
1 160737722 rs524276 0.70269999999999999
1 160737830 rs16832344 0.99650000000000005
1 160738007 rs522112 2.4710000000000001E-6
1 160738146 rs528095 2.9500000000000001E-6
1 160738161 rs75616614 0.13109999999999999
1 160738473 rs7512566 7.1590000000000004E-6
1 160739371 rs564833 5.6509999999999998E-6
1 160739713 rs16832349 0.92330000000000001
1 160740094 rs76883141 0.66379999999999995
1 160740103 rs477299 3.3330000000000001E-5
1 160740421 rs534500 0.73250000000000004
1 160740706 rs504170 5.3870000000000003E-6
1 160740865 rs505891 0.75239999999999996
1 160741299 rs2176873 6.5350000000000001E-6
1 160742649 rs471256 0.25819999999999999
1 160742850 rs558806 0.3488
1 160743600 rs78146867 8.2880000000000002E-3
1 160743631 rs75920012 0.89290000000000003
1 160743743 rs16832357 0.88790000000000002
1 160743749 rs12068654 8.4959999999999996E-6
1 160743809 rs529346 0.55610000000000004
1 160743826 rs12082740 2.2419999999999999E-5
1 160744111 rs521925 0.89280000000000004
1 160744232 none 9.7159999999999996E-2
1 160744326 rs116708417 0.46700000000000003
1 160744961 rs497490 3.8890000000000001E-2
1 160745399 rs493644 5.9790000000000003E-2
1 160746013 rs16832364 1.2319999999999999E-2
1 160746076 rs576523 5.1529999999999999E-2
1 160747138 rs12072093 0.94810000000000005
1 160747332 rs115918431 0.92679999999999996
1 160747615 rs7556098 1.626E-6
1 160747986 rs146960433 0.96089999999999998
1 160748041 rs532466 9.8220000000000002E-6
1 160748342 rs11265476 0.84799999999999998
1 160749203 rs563781 1.222E-5
1 160749228 rs1108216 0.88570000000000004
1 160749332 rs114458235 0.69399999999999995
1 160749492 rs12077144 0.53839999999999999
1 160750213 rs483604 0.31230000000000002
1 160750931 rs503721 0.99990000000000001
1 160750984 rs77420268 1.345E-5
1 160750996 none 1.1029999999999999E-5
1 160751158 rs501803 0.80420000000000003
1 160751477 rs911227 0.84799999999999998
1 160758889 rs115016866 0.7611
1 160759052 rs12405457 1.6119999999999999E-2
1 160759422 rs61804399 0.44490000000000002
1 160759519 rs1333065 4.8099999999999998E-4
1 160760201 rs6427544 0.3548
1 160761638 rs115543271 3.576E-2
1 160761828 rs76800356 0.9516
1 160763087 rs12127562 4.127E-4
1 160763370 rs540224 0.31530000000000002
1 160763536 rs527766 0.33639999999999998
1 160763600 rs1333064 0.3377
1 160764353 rs535106 0.99950000000000006
1 160764566 rs6659569 5.0230000000000001E-4
1 160764699 rs6695672 4.7830000000000003E-4
1 160764759 rs11265485 0.33810000000000001
1 160765648 rs61804400 0.71760000000000002
1 160766658 rs509219 0.29070000000000001
1 160766660 rs512197 0.31190000000000001
1 160766823 rs7554869 0.81989999999999996
1 160766825 rs41266925 0.75770000000000004
1 160766925 rs3904492 2.5290000000000002E-4
1 160767060 rs508578 0.32769999999999999
1 160767168 rs7555175 9.6360000000000006E-6
1 160767249 rs7555286 0.32929999999999998
1 160767498 rs482921 0.3276
1 160767737 rs540254 4.505E-4
1 160768033 rs35237586 1.9979999999999998E-5
1 160768471 rs546669 0.3624
1 160769734 rs12049314 0.99870000000000003
1 160770188 rs487365 0.99990000000000001
1 160773346 rs6656939 0.3866
1 160775298 rs114765928 0.5494
1 160776058 rs114008179 5.9279999999999999E-2
1 160776642 rs501137 0.36020000000000002
1 160777548 rs11265489 5.0530000000000002E-3
1 160778232 rs61801923 0.47949999999999998
1 160778896 rs76704193 0.88839999999999997
1 160778982 rs3856334 0.40789999999999998
1 160779412 rs4656270 2.0160000000000001E-2
1 160779495 rs4656932 1.423E-2
1 160780555 rs4017732 1.2550000000000001E-6
1 160780965 rs6427548 6.8979999999999996E-3
1 160781278 rs28547880 7.7289999999999998E-2
1 160781619 rs115921404 0.2923
1 160782274 rs2779795 0.77839999999999998
1 160782373 rs61801927 0.38550000000000001
1 160782561 rs4656933 6.1350000000000002E-2
1 160782942 rs4656271 2.0029999999999999E-2
1 160783557 rs35923801 0.29609999999999997
1 160785793 rs192439239 0.72450000000000003
1 160785950 rs532539 0.31819999999999998
1 160785991 rs527253 0.30559999999999998
1 160786472 rs114803747 0.56030000000000002
1 160786670 rs560681 0.32079999999999997
1 160787057 rs496201 6.4400000000000004E-3
1 160787422 rs114973828 0.90269999999999995
1 160787705 rs2271967 2.4330000000000001E-2
1 160787725 rs579589 0.33460000000000001
1 160788131 rs3817407 3.3779999999999998E-2
1 160788500 rs510143 5.6449999999999998E-3
1 160790000 rs516509 6.7970000000000001E-3
1 160790249 rs115705830 0.59040000000000004
1 160790411 rs569659 1.154E-2
1 160791411 rs571841 5.2560000000000003E-2
1 160791758 rs77938470 0.65429999999999999
1 160791778 rs2027015 4.598E-2
1 160791880 rs567306 4.4290000000000003E-2
1 160791892 rs494091 3.4419999999999999E-2
1 160792241 rs551827 3.0679999999999999E-2
1 160792659 rs2779800 3.3309999999999999E-2
1 160793442 rs474131 3.4810000000000001E-2
1 160793560 rs509749 3.3279999999999997E-2
1 160793962 rs506081 3.3980000000000003E-2
1 160794456 rs556810 3.3360000000000001E-2
1 160796327 rs61801958 0.79790000000000005
1 160797350 rs12060017 0.74250000000000005
1 160797514 rs576334 4.0550000000000003E-2
1 160797684 rs574610 3.7850000000000002E-2
1 160798126 rs512645 3.9260000000000003E-2
1 160798209 rs569911 3.8170000000000003E-2
1 160799274 rs11265492 1.321E-2
1 160799686 rs3766375 0.95020000000000004
1 160800480 rs485618 6.0049999999999999E-2
1 160800559 rs3766377 4.4400000000000002E-2
1 160800852 rs12145141 0.32750000000000001
1 160801046 rs480104 0.8831
1 160801491 rs2139660 0.34129999999999999
1 160801623 rs77397861 0.85660000000000003
1 160801727 rs16832445 0.79469999999999996
1 160801936 rs114641368 0.44919999999999999
1 160802150 rs77634821 0.49740000000000001
1 160803348 rs78188001 0.15989999999999999
1 160803718 rs12061248 0.14699999999999999
1 160803735 rs12061252 0.11260000000000001
1 160803802 rs11265493 0.31369999999999998
1 160803848 rs12064925 0.47799999999999998
1 160804737 rs7540177 0.55269999999999997
1 160804934 rs7518342 0.3589
1 160805671 rs12078336 0.87290000000000001
1 160806019 rs35224927 0.96689999999999998
1 160806611 rs2280415 0.55579999999999996
1 160806625 rs2280416 0.93110000000000004
1 160806836 rs116496052 0.95540000000000003
1 160807153 rs3753389 0.47210000000000002
1 160807304 rs75473261 0.72629999999999995
1 160807409 rs3766378 0.55030000000000001
1 160807475 rs111524996 0.37659999999999999
1 160807715 rs3766379 0.43020000000000003
1 160807788 rs3766380 1
1 160807850 rs11265494 0.66479999999999995
1 160808413 rs111332135 0.38090000000000002
1 160808476 rs1319651 0.40289999999999998
1 160808668 rs10158850 0.1201
1 160809003 rs6682654 0.44400000000000001
1 160809285 rs6671710 0.46300000000000002
1 160809389 rs12073515 0.6643
1 160809867 - 0.36980000000000002
1 160810619 rs531141 0.96130000000000004
1 160811374 rs115868021 0.61770000000000003
1 160811488 rs34846692 0.97770000000000001
1 160811830 rs2990703 0.46820000000000001
1 160812002 none 0.44919999999999999
1 160812198 rs111983688 0.3614
1 160812311 rs12065420 0.66369999999999996
1 160812322 rs113671042 3.048E-2
1 160812418 rs111520051 0.13789999999999999
1 160813380 rs1412848 0.2001
1 160813408 rs6696695 9.3270000000000006E-2
1 160813558 rs60533943 0.85519999999999996
1 160813715 rs112317658 0.54290000000000005
1 160813743 rs512525 0.47189999999999999
1 160813763 rs61803260 0.879
1 160814002 rs535610 0.46839999999999998
1 160814420 rs539771 0.99760000000000004
1 160814492 none 0.99909999999999999
1 160815097 rs12354107 0.78169999999999995
1 160815269 none 0.99990000000000001
1 160815360 rs2779790 0.37
1 160815660 none 0.99909999999999999
1 160815692 none 0.79259999999999997
1 160815843 rs115959231 0.60719999999999996
1 160815885 rs140563301 0.68669999999999998
1 160816182 rs2779792 0.43169999999999997
1 160816786 rs7551159 0.27500000000000002
1 160816852 rs150232396 0.42299999999999999
1 160816942 rs549565 0.26400000000000001
1 160817293 none 0.38150000000000001
1 160817500 rs2990702 0.34189999999999998
1 160817834 rs12074019 0.71660000000000001
1 160817932 none 0.84630000000000005
1 160820136 rs76698225 0.57050000000000001
1 160820895 rs79973025 0.82620000000000005
1 160820980 rs489651 0.35510000000000003
1 160822363 none 0.99990000000000001
1 160823308 rs76385239 0.71640000000000004
1 160823363 rs11265496 0.45679999999999998
1 160823383 rs113734690 0.36880000000000002
1 160823812 rs11582719 0.45490000000000003
1 160823826 rs11587898 0.4773
1 160823965 none 0.99819999999999998
1 160824044 rs12131917 9.4820000000000002E-2
1 160824596 rs77533176 0.83789999999999998
1 160825253 rs4656937 0.45229999999999998
1 160825313 rs4656938 0.3755
1 160825635 rs114125352 0.27139999999999997
1 160825642 rs11265497 0.86609999999999998
1 160825706 rs60755678 0.31030000000000002
1 160825915 rs57483437 0.68769999999999998
1 160826114 rs61803263 0.69820000000000004
1 160826352 rs113473959 0.84399999999999997
1 160826387 rs111955213 0.54290000000000005
1 160826538 rs113217141 0.63180000000000003
1 160826688 none 0.78749999999999998
1 160826831 rs74583215 0.86529999999999996
1 160827067 none 0.40579999999999999
1 160827227 rs12039896 0.67120000000000002
1 160827379 rs12039959 0.64019999999999999
1 160827946 rs12037740 0.63600000000000001
1 160828096 rs12040152 0.63900000000000001
1 160828285 rs11265498 0.5464
1 160828344 rs12048113 0.68430000000000002
1 160828355 rs76262537 0.63739999999999997
1 160828602 rs12038600 0.62139999999999995
1 160828967 rs7412693 0.63849999999999996
1 160829051 rs7419110 0.62350000000000005
1 160829298 rs7419145 0.65159999999999996
1 160830268 rs4656940 0.74419999999999997
1 160830317 rs4656941 0.74639999999999995
1 160830662 rs12035295 0.74039999999999995
1 160830916 rs12037885 0.72570000000000001
1 160830974 rs58418513 0.74509999999999998
1 160831048 rs4656942 5.4280000000000002E-2
1 160831294 rs61803285 0.73029999999999995
1 160831855 rs114802258 0.4249
1 160831874 rs17382643 0.31830000000000003
1 160831901 rs73025708 0.43149999999999999
1 160831975 rs112162349 0.24079999999999999
1 160832185 rs113896482 0.80059999999999998
1 160832213 rs112861746 0.70199999999999996
1 160832320 rs111441510 0.6139
1 160832429 rs16832484 0.2843
1 160832622 rs181763130 0.69520000000000004
1 160832646 rs12036607 0.90639999999999998
1 160832777 rs12037395 0.9476
1 160832799 rs7410867 0.88780000000000003
1 160832861 rs12036670 0.9355
1 160832985 rs113891703 0.85440000000000005
1 160833114 rs12084061 0.64139999999999997
1 160833526 rs4656943 0.93589999999999995
1 160833805 rs12040750 0.91469999999999996
1 160833928 none 0.3755
1 160834007 rs12038419 0.91320000000000001
1 160835104 none 1.047E-3
1 160835351 rs955370 0.91879999999999995
1 160835531 rs72710766 0.43259999999999998
1 160835583 rs955371 0.85809999999999997
1 160835587 rs1412849 0.85240000000000005
1 160836461 rs112608874 0.37869999999999998
1 160836714 rs10908807 0.87790000000000001
1 160836763 rs959990 0.57189999999999996
1 160836895 rs28652748 0.32440000000000002
1 160836928 rs11265501 0.87350000000000005
1 160837010 rs28689172 0.35189999999999999
1 160837240 rs11265502 0.92069999999999996
1 160837373 rs13373962 0.30570000000000003
1 160837382 rs13376193 9.9430000000000004E-2
1 160837393 rs13376194 0.30559999999999998
1 160837905 rs4656944 9.2509999999999995E-2
1 160837951 none 0.99990000000000001
1 160838063 rs16832505 0.39850000000000002
1 160838107 rs4656945 7.6850000000000002E-2
1 160838198 rs4656946 0.1145
1 160838638 rs12092472 5.994E-2
1 160838884 rs914793 0.1124
1 160838944 - 7.2139999999999996E-2
1 160838945 rs77058053 7.4380000000000002E-2
1 160838953 rs4017459 9.5310000000000006E-2
1 160839251 rs16832506 0.49530000000000002
1 160839329 rs869167 6.6119999999999998E-2
1 160839467 rs869168 8.5050000000000001E-2
1 160840188 - 8.9880000000000002E-2
1 160842379 rs1591140 5.8560000000000001E-2
1 160842491 rs2151293 8.0829999999999999E-2
1 160842725 - 8.7859999999999994E-2
1 160842947 rs185640336 0.36930000000000002
1 160843080 rs2184068 8.6190000000000003E-2
1 160843139 rs2184069 8.4229999999999999E-2
1 160844324 rs183880276 0.79820000000000002
1 160844519 rs6700146 0.1012
1 160844696 rs959047 6.9370000000000001E-2
1 160844745 rs952804 7.8719999999999998E-2
1 160845489 rs11578752 0.29420000000000002
1 160845636 rs11578770 0.379
1 160845701 rs11265506 4.8959999999999997E-2
1 160845712 rs4656951 2.5049999999999999E-2
1 160845842 rs4656953 2.6079999999999999E-2
1 160845890 rs4656954 0.9526
1 160845996 rs12409609 2.2450000000000001E-2
1 160846110 rs140328622 0.87980000000000003
1 160846284 rs1333062 2.7E-2
1 160847064 rs17387157 2.0330000000000001E-2
1 160847410 rs4656955 2.053E-2
1 160847446 rs16832515 0.7077
1 160848107 rs6703406 6.4390000000000003E-3
1 160848937 rs3766356 2.051E-2
1 160848993 rs3766357 2.1780000000000001E-2
1 160849082 rs3820094 1.8720000000000001E-2
1 160849282 rs111864696 0.99399999999999999
1 160849367 rs2274905 2.1090000000000001E-2
1 160849420 rs2274906 0.70599999999999996
1 160849626 none 0.66610000000000003
1 160849642 rs112756590 0.41
1 160850280 rs4656957 1.7559999999999999E-2
1 160850686 none 0.88360000000000005
1 160850936 rs2236515 1.985E-2
1 160851168 rs77521168 0.30969999999999998
1 160851619 rs10908808 2.1090000000000001E-2
1 160851787 none 0.24879999999999999
1 160852046 rs2274910 2.359E-2
1 160852125 rs11265508 0.22509999999999999
1 160852167 rs6427552 2.1569999999999999E-2
1 160852656 rs114604827 0.96919999999999995
1 160853312 rs79969862 0.99970000000000003
1 160853379 rs11265509 0.82889999999999997
1 160853424 rs75375000 0.99950000000000006
1 160853773 rs74771527 0.81469999999999998
1 160854085 rs75251250 0.99990000000000001
1 160854387 rs3818724 1.218E-2
1 160854445 rs2039415 1.5720000000000001E-2
1 160854526 rs2297559 1.5440000000000001E-2
1 160854620 rs35779394 0.50170000000000003
1 160854698 rs2297560 0.50119999999999998
1 160854749 rs77824633 0.50170000000000003
1 160854876 rs150060331 0.65939999999999999
1 160854936 rs112656766 0.45610000000000001
1 160855217 rs112011870 0.45090000000000002
1 160855224 rs17551654 0.3024
1 160855232 rs60429964 0.50170000000000003
1 160855708 rs12091040 0.44069999999999998
1 160855833 rs12094703 0.43659999999999999
1 160855978 rs12091185 0.53590000000000004
1 160856076 rs7411035 1.384E-2
1 160856160 - 0.46179999999999999
1 160856293 rs79196672 0.44369999999999998
1 160856360 rs75597884 0.28710000000000002
1 160856830 rs74547401 0.72399999999999998
1 160856964 rs4656958 1.7420000000000001E-2
1 160857612 rs58615002 0.499
1 160857670 rs80262455 0.49669999999999997
1 160857716 rs60721814 0.4093
1 160857945 rs145415243 0.74370000000000003
1 160858077 rs6694415 5.4309999999999997E-2
1 160858138 rs190606547 0.1024
1 160858828 rs78819524 0.92310000000000003
1 160858961 rs4656959 7.8469999999999998E-2
1 160859559 rs11265510 6.3320000000000001E-2
1 160859650 rs72710789 5.3879999999999997E-2
1 160860356 rs80035913 0.92030000000000001
1 160864652 rs115071848 0.8478
1 160866014 rs11803659 0.82379999999999998
1 160873705 rs55654380 7.3969999999999994E-2
1 160873991 rs12059800 0.72440000000000004
1 160875321 rs6686413 0.79959999999999998
1 160875649 rs113854608 0.85089999999999999
1 160875711 rs114820463 0.29380000000000001
1 160875756 rs2225591 1.6490000000000001E-2
1 160876839 rs11265517 0.8075
1 160876923 rs10908810 5.4030000000000002E-2
1 160876987 rs11265518 0.75749999999999995
1 160877252 rs10797087 6.4240000000000005E-2
1 160878280 rs144207549 6.0789999999999997E-2
1 160878485 rs10908811 7.0760000000000003E-2
1 160878828 rs79498742 0.43790000000000001
1 160878913 rs11265519 6.1460000000000001E-2
1 160879316 rs10908812 6.0789999999999997E-2
1 160880144 rs114014204 4.5260000000000002E-2
1 160880510 rs1810924 7.4690000000000006E-2
1 160881198 rs77974575 0.49540000000000001
1 160881653 rs111862610 7.4130000000000001E-2
1 160881857 rs150457800 0.1721
1 160882257 rs4129197 3.0980000000000001E-2
1 160883768 rs4656277 7.8619999999999995E-2
1 160886294 rs4656279 1.242E-3
1 160886892 rs1855186 6.5079999999999999E-2
1 160887269 rs59567799 4.9730000000000003E-2
1 160887475 rs2184064 7.3429999999999995E-2
1 160887751 rs3953093 0.57620000000000005
1 160890159 rs11265522 5.9150000000000001E-4
1 160891639 rs12075167 0.99380000000000002
1 160893783 rs949691 1.863E-4
1 160894110 rs11488696 7.4709999999999999E-2
1 160895847 rs10908813 7.9159999999999994E-2
1 160895870 rs11265526 1.6799999999999999E-4
1 160897657 rs7516660 7.3959999999999998E-2
1 160899481 rs2774277 0.81440000000000001
1 160899960 rs185222616 0.52390000000000003
1 160900800 rs7518537 1.3290000000000001E-3
1 160902163 rs34655593 4.7550000000000001E-4
1 160902302 rs72712812 5.7349999999999996E-3
1 160905299 rs74381403 0.13739999999999999
1 160905683 rs80093686 0.1111
1 160905758 rs12760001 1.617E-2
1 160905906 rs116415875 0.2477
1 160911900 rs12058351 0.80679999999999996
1 160911951 rs11576500 1.8509999999999999E-2
1 160913176 rs34152618 0.1031
1 160914917 rs6701920 0.62990000000000002
1 160915019 rs149928906 0.50139999999999996
1 160915720 rs114292280 0.63109999999999999
1 160915721 rs6656542 0.70660000000000001
1 160917902 rs1556519 1.2319999999999999E-2
1 160917957 rs114657146 0.22389999999999999
1 160919628 rs12059277 0.91069999999999995
1 160919664 rs12095682 0.91069999999999995
1 160919745 rs41266941 0.51680000000000004
1 160920372 rs12094026 0.75349999999999995
1 160920398 none 0.85029999999999994
1 160920431 rs12090411 0.9103
1 160920441 rs79889663 0.44290000000000002
1 160920809 rs3829790 2.1890000000000001E-4
1 160920813 rs790059 0.3342
1 160920966 rs6680969 1.2010000000000001E-4
1 160921049 rs6693472 0.43080000000000002
1 160921186 rs4656970 0.9153
1 160921208 rs790060 0.5665
1 160921218 rs790061 0.78749999999999998
1 160921230 rs4656971 4.0030000000000003E-4
1 160922195 rs2252389 0.72119999999999995
1 160922219 rs12066497 0.76390000000000002
1 160922421 rs145457015 0.68889999999999996
1 160922607 rs41267945 0.66849999999999998
1 160922749 rs790062 0.89290000000000003
1 160922751 rs4596920 0.6119
1 160922883 rs12145328 0.4456
1 160924426 rs12401642 3.4000000000000002E-2
1 160924819 rs12730072 0.96889999999999998
1 160925455 rs12126313 0.9708
1 160925775 rs2990692 0.67789999999999995
1 160926183 rs7527651 0.97499999999999998
1 160926826 rs2255842 0.59589999999999999
1 160926937 rs2255847 0.63729999999999998
1 160927045 rs2255852 0.84160000000000001
1 160927294 rs16832570 0.1323
1 160927725 rs80100453 0.55049999999999999
1 160927727 rs1999248 0.69469999999999998
1 160928271 rs12121649 0.98919999999999997
1 160929744 rs7523191 0.1457
1 160929816 rs58519891 0.1535
1 160929890 rs3007144 0.61309999999999998
1 160932727 rs12562121 0.16
