CHR BP SNP P
1 160728486 rs564141 0.009318
1 160730336 rs116424351 0.8333
1 160732685 rs576627 0.08531
1 160732852 rs577052 0.08873
1 160733001 rs579272 0.01388
1 160734175 rs983494 8.078e-07
1 160735829 rs549471 0.0863
1 160737989 rs508744 0.0577
1 160740367 rs2295616 4.031e-07
1 160740453 rs573702 0.0005477
1 160740469 rs510131 0.1076
1 160740863 none 0.3682
1 160740955 rs535622 0.01609
1 160741541 rs116288986 0.2093
1 160741687 rs3766370 5.238e-07
1 160741709 rs12022775 0.1276
1 160741969 rs565861 0.09392
1 160742014 rs35967351 4.79e-08
1 160743027 rs3845629 0.5398
1 160744058 rs17313034 8.355e-07
1 160744201 rs116507594 0.8818
1 160744336 rs75573669 0.6916
1 160744417 rs80242873 0.7756
1 160744773 rs544466 0.003966
1 160744793 rs544518 0.08897
1 160744934 rs3766373 5.321e-07
1 160745301 rs549103 0.0007126
1 160746029 rs11588524 7.626e-07
1 160747951 rs17313062 1.501e-06
1 160750284 rs11581248 0.003364
1 160750764 rs3766374 1.181e-06
1 160751427 rs149365956 0.2756
1 160752217 rs2295617 0.9082
1 160752274 rs527342 0.9115
1 160752512 rs2295618 0.4812
1 160752518 rs115018834 0.503
1 160752617 rs78937709 0.02054
1 160752760 rs489286 1.577e-06
1 160753259 rs2295619 0.4813
1 160753466 rs495706 1.228e-06
1 160753658 rs11265473 6.775e-07
1 160753727 rs518721 1.599e-06
1 160754515 rs526030 0.931
1 160756064 rs569932 6.32e-07
1 160756291 rs78225584 0.9662
1 160757101 rs1328111 3.654e-06
1 160757298 rs556753 7.226e-05
1 160757682 rs116166051 0.3467
1 160758419 rs522947 0.9346
1 160759373 rs11265475 0.006875
1 160760782 rs497896 0.6436
1 160761636 rs12741090 0.82
1 160762994 rs564883 5.739e-06
1 160763065 rs76240791 0.188
1 160763974 rs11805079 0.008853
1 160765620 rs549626 0.6569
1 160765730 rs12064520 2.576e-06
1 160766024 rs574491 2.584e-06
1 160766482 rs579821 3.198e-06
1 160766808 rs492484 0.6981
1 160767540 rs116077725 0.813
1 160767647 rs34536517 0.7444
1 160767831 rs546757 4.619e-06
1 160767932 rs524276 0.7027
1 160768040 rs16832344 0.9965
1 160768217 rs522112 2.471e-06
1 160768356 rs528095 2.95e-06
1 160768371 rs75616614 0.1311
1 160768683 rs7512566 7.159e-06
1 160769581 rs564833 5.651e-06
1 160769923 rs16832349 0.9233
1 160770304 rs76883141 0.6638
1 160770313 rs477299 3.333e-05
1 160770631 rs534500 0.7325
1 160770916 rs504170 5.387e-06
1 160771075 rs505891 0.7524
1 160771509 rs2176873 6.535e-06
1 160772859 rs471256 0.2582
1 160773060 rs558806 0.3488
1 160773810 rs78146867 0.008288
1 160773841 rs75920012 0.8929
1 160773953 rs16832357 0.8879
1 160773959 rs12068654 8.496e-06
1 160774019 rs529346 0.5561
1 160774036 rs12082740 2.242e-05
1 160774321 rs521925 0.8928
1 160774442 none 0.09716
1 160774536 rs116708417 0.467
1 160775171 rs497490 0.03889
1 160775609 rs493644 0.05979
1 160776223 rs16832364 0.01232
1 160776286 rs576523 0.05153
1 160777348 rs12072093 0.9481
1 160777542 rs115918431 0.9268
1 160777825 rs7556098 1.626e-06
1 160778196 rs146960433 0.9609
1 160778251 rs532466 9.822e-06
1 160778552 rs11265476 0.848
1 160779413 rs563781 1.222e-05
1 160779438 rs1108216 0.8857
1 160779542 rs114458235 0.694
1 160779702 rs12077144 0.5384
1 160780423 rs483604 0.3123
1 160781141 rs503721 0.9999
1 160781194 rs77420268 1.345e-05
1 160781206 none 1.103e-05
1 160781368 rs501803 0.8042
1 160781687 rs911227 0.848
1 160789099 rs115016866 0.7611
1 160789262 rs12405457 0.01612
1 160789632 rs61804399 0.4449
1 160789729 rs1333065 0.000481
1 160790411 rs6427544 0.3548
1 160791848 rs115543271 0.03576
1 160792038 rs76800356 0.9516
1 160793297 rs12127562 0.0004127
1 160793580 rs540224 0.3153
1 160793746 rs527766 0.3364
1 160793810 rs1333064 0.3377
1 160794563 rs535106 0.9995
1 160794776 rs6659569 0.0005023
1 160794909 rs6695672 0.0004783
1 160794969 rs11265485 0.3381
1 160795858 rs61804400 0.7176
1 160796868 rs509219 0.2907
1 160796870 rs512197 0.3119
1 160797033 rs7554869 0.8199
1 160797035 rs41266925 0.7577
1 160797135 rs3904492 0.0002529
1 160797270 rs508578 0.3277
1 160797378 rs7555175 9.636e-06
1 160797459 rs7555286 0.3293
1 160797708 rs482921 0.3276
1 160797947 rs540254 0.0004505
1 160798243 rs35237586 1.998e-05
1 160798681 rs546669 0.3624
1 160799944 rs12049314 0.9987
1 160800398 rs487365 0.9999
1 160803556 rs6656939 0.3866
1 160805508 rs114765928 0.5494
1 160806268 rs114008179 0.05928
1 160806852 rs501137 0.3602
1 160807758 rs11265489 0.005053
1 160808442 rs61801923 0.4795
1 160809106 rs76704193 0.8884
1 160809192 rs3856334 0.4079
1 160809622 rs4656270 0.02016
1 160809705 rs4656932 0.01423
1 160810765 rs4017732 1.255e-06
1 160811175 rs6427548 0.006898
1 160811488 rs28547880 0.07729
1 160811829 rs115921404 0.2923
1 160812484 rs2779795 0.7784
1 160812583 rs61801927 0.3855
1 160812771 rs4656933 0.06135
1 160813152 rs4656271 0.02003
1 160813767 rs35923801 0.2961
1 160816003 rs192439239 0.7245
1 160816160 rs532539 0.3182
1 160816201 rs527253 0.3056
1 160816682 rs114803747 0.5603
1 160816880 rs560681 0.3208
1 160817267 rs496201 0.00644
1 160817632 rs114973828 0.9027
1 160817915 rs2271967 0.02433
1 160817935 rs579589 0.3346
1 160818341 rs3817407 0.03378
1 160818710 rs510143 0.005645
1 160820210 rs516509 0.006797
1 160820459 rs115705830 0.5904
1 160820621 rs569659 0.01154
1 160821621 rs571841 0.05256
1 160821968 rs77938470 0.6543
1 160821988 rs2027015 0.04598
1 160822090 rs567306 0.04429
1 160822102 rs494091 0.03442
1 160822451 rs551827 0.03068
1 160822869 rs2779800 0.03331
1 160823652 rs474131 0.03481
1 160823770 rs509749 0.03328
1 160824172 rs506081 0.03398
1 160824666 rs556810 0.03336
1 160826537 rs61801958 0.7979
1 160827560 rs12060017 0.7425
1 160827724 rs576334 0.04055
1 160827894 rs574610 0.03785
1 160828336 rs512645 0.03926
1 160828419 rs569911 0.03817
1 160829484 rs11265492 0.01321
1 160829896 rs3766375 0.9502
1 160830690 rs485618 0.06005
1 160830769 rs3766377 0.0444
1 160831062 rs12145141 0.3275
1 160831256 rs480104 0.8831
1 160831701 rs2139660 0.3413
1 160831833 rs77397861 0.8566
1 160831937 rs16832445 0.7947
1 160832146 rs114641368 0.4492
1 160832360 rs77634821 0.4974
1 160833558 rs78188001 0.1599
1 160833928 rs12061248 0.147
1 160833945 rs12061252 0.1126
1 160834012 rs11265493 0.3137
1 160834058 rs12064925 0.478
1 160834947 rs7540177 0.5527
1 160835144 rs7518342 0.3589
1 160835881 rs12078336 0.8729
1 160836229 rs35224927 0.9669
1 160836821 rs2280415 0.5558
1 160836835 rs2280416 0.9311
1 160837046 rs116496052 0.9554
1 160837363 rs3753389 0.4721
1 160837514 rs75473261 0.7263
1 160837619 rs3766378 0.5503
1 160837685 rs111524996 0.3766
1 160837925 rs3766379 0.4302
1 160837998 rs3766380 1
1 160838060 rs11265494 0.6648
1 160838623 rs111332135 0.3809
1 160838686 rs1319651 0.4029
1 160838878 rs10158850 0.1201
1 160839213 rs6682654 0.444
1 160839495 rs6671710 0.463
1 160839599 rs12073515 0.6643
1 160840077 - 0.3698
1 160840829 rs531141 0.9613
1 160841584 rs115868021 0.6177
1 160841698 rs34846692 0.9777
1 160842040 rs2990703 0.4682
1 160842212 none 0.4492
1 160842408 rs111983688 0.3614
1 160842521 rs12065420 0.6637
1 160842532 rs113671042 0.03048
1 160842628 rs111520051 0.1379
1 160843590 rs1412848 0.2001
1 160843618 rs6696695 0.09327
1 160843768 rs60533943 0.8552
1 160843925 rs112317658 0.5429
1 160843953 rs512525 0.4719
1 160843973 rs61803260 0.879
1 160844212 rs535610 0.4684
1 160844630 rs539771 0.9976
1 160844702 none 0.9991
1 160845307 rs12354107 0.7817
1 160845479 none 0.9999
1 160845570 rs2779790 0.37
1 160845870 none 0.9991
1 160845902 none 0.7926
1 160846053 rs115959231 0.6072
1 160846095 rs140563301 0.6867
1 160846392 rs2779792 0.4317
1 160846996 rs7551159 0.275
1 160847062 rs150232396 0.423
1 160847152 rs549565 0.264
1 160847503 none 0.3815
1 160847710 rs2990702 0.3419
1 160848044 rs12074019 0.7166
1 160848142 none 0.8463
1 160850346 rs76698225 0.5705
1 160851105 rs79973025 0.8262
1 160851190 rs489651 0.3551
1 160852573 none 0.9999
1 160853518 rs76385239 0.7164
1 160853573 rs11265496 0.4568
1 160853593 rs113734690 0.3688
1 160854022 rs11582719 0.4549
1 160854036 rs11587898 0.4773
1 160854175 none 0.9982
1 160854254 rs12131917 0.09482
1 160854806 rs77533176 0.8379
1 160855463 rs4656937 0.4523
1 160855523 rs4656938 0.3755
1 160855845 rs114125352 0.2714
1 160855852 rs11265497 0.8661
1 160855916 rs60755678 0.3103
1 160856125 rs57483437 0.6877
1 160856324 rs61803263 0.6982
1 160856562 rs113473959 0.844
1 160856597 rs111955213 0.5429
1 160856748 rs113217141 0.6318
1 160856898 none 0.7875
1 160857041 rs74583215 0.8653
1 160857277 none 0.4058
1 160857437 rs12039896 0.6712
1 160857589 rs12039959 0.6402
1 160858156 rs12037740 0.636
1 160858306 rs12040152 0.639
1 160858495 rs11265498 0.5464
1 160858554 rs12048113 0.6843
1 160858565 rs76262537 0.6374
1 160858812 rs12038600 0.6214
1 160859177 rs7412693 0.6385
1 160859261 rs7419110 0.6235
1 160859508 rs7419145 0.6516
1 160860478 rs4656940 0.7442
1 160860527 rs4656941 0.7464
1 160860872 rs12035295 0.7404
1 160861126 rs12037885 0.7257
1 160861184 rs58418513 0.7451
1 160861258 rs4656942 0.05428
1 160861504 rs61803285 0.7303
1 160862065 rs114802258 0.4249
1 160862084 rs17382643 0.3183
1 160862111 rs73025708 0.4315
1 160862185 rs112162349 0.2408
1 160862395 rs113896482 0.8006
1 160862423 rs112861746 0.702
1 160862530 rs111441510 0.6139
1 160862639 rs16832484 0.2843
1 160862832 rs181763130 0.6952
1 160862856 rs12036607 0.9064
1 160862987 rs12037395 0.9476
1 160863009 rs7410867 0.8878
1 160863071 rs12036670 0.9355
1 160863195 rs113891703 0.8544
1 160863324 rs12084061 0.6414
1 160863736 rs4656943 0.9359
1 160864015 rs12040750 0.9147
1 160864138 none 0.3755
1 160864217 rs12038419 0.9132
1 160865314 none 0.001047
1 160865561 rs955370 0.9188
1 160865741 rs72710766 0.4326
1 160865793 rs955371 0.8581
1 160865797 rs1412849 0.8524
1 160866671 rs112608874 0.3787
1 160866924 rs10908807 0.8779
1 160866973 rs959990 0.5719
1 160867105 rs28652748 0.3244
1 160867138 rs11265501 0.8735
1 160867220 rs28689172 0.3519
1 160867450 rs11265502 0.9207
1 160867583 rs13373962 0.3057
1 160867592 rs13376193 0.09943
1 160867603 rs13376194 0.3056
1 160868115 rs4656944 0.09251
1 160868161 none 0.9999
1 160868273 rs16832505 0.3985
1 160868317 rs4656945 0.07685
1 160868408 rs4656946 0.1145
1 160868848 rs12092472 0.05994
1 160869094 rs914793 0.1124
1 160869154 - 0.07214
1 160869155 rs77058053 0.07438
1 160869163 rs4017459 0.09531
1 160869461 rs16832506 0.4953
1 160869539 rs869167 0.06612
1 160869677 rs869168 0.08505
1 160870398 - 0.08988
1 160872589 rs1591140 0.05856
1 160872701 rs2151293 0.08083
1 160872935 - 0.08786
1 160873157 rs185640336 0.3693
1 160873290 rs2184068 0.08619
1 160873349 rs2184069 0.08423
1 160874534 rs183880276 0.7982
1 160874729 rs6700146 0.1012
1 160874906 rs959047 0.06937
1 160874955 rs952804 0.07872
1 160875699 rs11578752 0.2942
1 160875846 rs11578770 0.379
1 160875911 rs11265506 0.04896
1 160875922 rs4656951 0.02505
1 160876052 rs4656953 0.02608
1 160876100 rs4656954 0.9526
1 160876206 rs12409609 0.02245
1 160876320 rs140328622 0.8798
1 160876494 rs1333062 0.027
1 160877274 rs17387157 0.02033
1 160877620 rs4656955 0.02053
1 160877656 rs16832515 0.7077
1 160878317 rs6703406 0.006439
1 160879147 rs3766356 0.02051
1 160879203 rs3766357 0.02178
1 160879292 rs3820094 0.01872
1 160879492 rs111864696 0.994
1 160879577 rs2274905 0.02109
1 160879630 rs2274906 0.706
1 160879836 none 0.6661
1 160879852 rs112756590 0.41
1 160880490 rs4656957 0.01756
1 160880896 none 0.8836
1 160881146 rs2236515 0.01985
1 160881378 rs77521168 0.3097
1 160881829 rs10908808 0.02109
1 160881997 none 0.2488
1 160882256 rs2274910 0.02359
1 160882335 rs11265508 0.2251
1 160882377 rs6427552 0.02157
1 160882866 rs114604827 0.9692
1 160883522 rs79969862 0.9997
1 160883589 rs11265509 0.8289
1 160883634 rs75375000 0.9995
1 160883983 rs74771527 0.8147
1 160884295 rs75251250 0.9999
1 160884597 rs3818724 0.01218
1 160884655 rs2039415 0.01572
1 160884736 rs2297559 0.01544
1 160884830 rs35779394 0.5017
1 160884908 rs2297560 0.5012
1 160884959 rs77824633 0.5017
1 160885086 rs150060331 0.6594
1 160885146 rs112656766 0.4561
1 160885427 rs112011870 0.4509
1 160885434 rs17551654 0.3024
1 160885442 rs60429964 0.5017
1 160885918 rs12091040 0.4407
1 160886043 rs12094703 0.4366
1 160886188 rs12091185 0.5359
1 160886286 rs7411035 0.01384
1 160886370 - 0.4618
1 160886503 rs79196672 0.4437
1 160886570 rs75597884 0.2871
1 160887040 rs74547401 0.724
1 160887174 rs4656958 0.01742
1 160887822 rs58615002 0.499
1 160887880 rs80262455 0.4967
1 160887926 rs60721814 0.4093
1 160888155 rs145415243 0.7437
1 160888287 rs6694415 0.05431
1 160888348 rs190606547 0.1024
1 160889038 rs78819524 0.9231
1 160889171 rs4656959 0.07847
1 160889769 rs11265510 0.06332
1 160889860 rs72710789 0.05388
1 160890566 rs80035913 0.9203
1 160894862 rs115071848 0.8478
1 160896224 rs11803659 0.8238
1 160903915 rs55654380 0.07397
1 160904201 rs12059800 0.7244
1 160905531 rs6686413 0.7996
1 160905859 rs113854608 0.8509
1 160905921 rs114820463 0.2938
1 160905966 rs2225591 0.01649
1 160907049 rs11265517 0.8075
1 160907133 rs10908810 0.05403
1 160907197 rs11265518 0.7575
1 160907462 rs10797087 0.06424
1 160908490 rs144207549 0.06079
1 160908695 rs10908811 0.07076
1 160909038 rs79498742 0.4379
1 160909123 rs11265519 0.06146
1 160909526 rs10908812 0.06079
1 160910354 rs114014204 0.04526
1 160910720 rs1810924 0.07469
1 160911408 rs77974575 0.4954
1 160911863 rs111862610 0.07413
1 160912067 rs150457800 0.1721
1 160912467 rs4129197 0.03098
1 160913978 rs4656277 0.07862
1 160916504 rs4656279 0.001242
1 160917102 rs1855186 0.06508
1 160917479 rs59567799 0.04973
1 160917685 rs2184064 0.07343
1 160917961 rs3953093 0.5762
1 160920369 rs11265522 0.0005915
1 160921849 rs12075167 0.9938
1 160923993 rs949691 0.0001863
1 160924320 rs11488696 0.07471
1 160926057 rs10908813 0.07916
1 160926080 rs11265526 0.000168
1 160927867 rs7516660 0.07396
1 160929691 rs2774277 0.8144
1 160930170 rs185222616 0.5239
1 160931010 rs7518537 0.001329
1 160932373 rs34655593 0.0004755
1 160932512 rs72712812 0.005735
1 160935509 rs74381403 0.1374
1 160935893 rs80093686 0.1111
1 160935968 rs12760001 0.01617
1 160936116 rs116415875 0.2477
1 160942110 rs12058351 0.8068
1 160942161 rs11576500 0.01851
1 160943386 rs34152618 0.1031
1 160945127 rs6701920 0.6299
1 160945229 rs149928906 0.5014
1 160945930 rs114292280 0.6311
1 160945931 rs6656542 0.7066
1 160948112 rs1556519 0.01232
1 160948167 rs114657146 0.2239
1 160949838 rs12059277 0.9107
1 160949874 rs12095682 0.9107
1 160949955 rs41266941 0.5168
1 160950582 rs12094026 0.7535
1 160950608 none 0.8503
1 160950641 rs12090411 0.9103
1 160950651 rs79889663 0.4429
1 160951019 rs3829790 0.0002189
1 160951023 rs790059 0.3342
1 160951176 rs6680969 0.0001201
1 160951259 rs6693472 0.4308
1 160951396 rs4656970 0.9153
1 160951418 rs790060 0.5665
1 160951428 rs790061 0.7875
1 160951440 rs4656971 0.0004003
1 160952405 rs2252389 0.7212
1 160952429 rs12066497 0.7639
1 160952631 rs145457015 0.6889
1 160952817 rs41267945 0.6685
1 160952959 rs790062 0.8929
1 160952961 rs4596920 0.6119
1 160953093 rs12145328 0.4456
1 160954636 rs12401642 0.034
1 160955029 rs12730072 0.9689
1 160955665 rs12126313 0.9708
1 160955985 rs2990692 0.6779
1 160956393 rs7527651 0.975
1 160957036 rs2255842 0.5959
1 160957147 rs2255847 0.6373
1 160957255 rs2255852 0.8416
1 160957504 rs16832570 0.1323
1 160957935 rs80100453 0.5505
1 160957937 rs1999248 0.6947
1 160958481 rs12121649 0.9892
1 160959954 rs7523191 0.1457
1 160960026 rs58519891 0.1535
1 160960100 rs3007144 0.6131
1 160962937 rs12562121 0.16
